5 100 5565 240 5 2178
207
111
155
652
396
630
33 33
27 27
34 34
32 32
35 35
29 29
31 31
34 34
29 29
28 28
29 29
28 28
33 33
31 31
34 34
36 36
35 35
39 39
35 35
31 31
39 39
31 31
39 39
31 31
40 40
51 51
50 50
49 49
46 46
45 45
44 44
45 45
45 45
41 41
39 39
38 38
36 36
33 33
32 32
35 35
27 27
29 29
33 33
31 31
33 33
33 33
34 34
39 39
33 33
31 31
29 29
22 22
18 18
16 16
13 13
16 16
24 24
41 41
37 37
24 24
14 14
26 26
34 34
18 18
10 10
12 12
22 22
9 9
8 8
17 17
22 22
24 24
34 34
32 32
50 50
38 38
44 44
29 29
34 34
7 7
11 11
13 13
17 17
24 24
31 31
28 28
33 33
16 16
46 46
4 4
11 11
13 13
19 19
15 15
18 18
14 14
42 42
13 13
18 18
17 17
   0    1   38
   0    2   34
   0    3   45
   0    4   50
   0    5   31
   0    6   38
   0    7   31
   0    8   39
   0    9   36
   0   10   40
   0   11   33
   0   12   35
   0   13   39
   0   14   34
   0   15   32
   0   16   34
   0   17   32
   0   18   38
   0   19   35
   0   20   39
   0   21   41
   0   22   40
   0   23   45
   0   24   40
   0   25   35
   0   26   45
   0   27   35
   0   28   45
   0   29   35
   0   30   45
   0   31   59
   0   32   57
   0   33   56
   0   34   52
   0   35   52
   0   36   50
   0   37   51
   0   38   51
   0   39   47
   0   40   44
   0   41   43
   0   42   41
   0   43   37
   0   44   36
   0   45   40
   0   46   31
   0   47   34
   0   48   38
   0   49   35
   0   50   38
   0   51   37
   0   52   38
   0   53   45
   0   54   38
   0   55   35
   0   56   34
   0   57   25
   0   58   20
   0   59   18
   0   60   14
   0   61   18
   0   62   27
   0   63   47
   0   64   42
   0   65   27
   0   66   16
   0   67   29
   0   68   39
   0   69   21
   0   70   11
   0   71   13
   0   72   25
   0   73   10
   0   74    9
   0   75   20
   0   76   25
   0   77   27
   0   78   39
   0   79   36
   0   80   57
   0   81   43
   0   82   50
   0   83   33
   0   84   38
   0   85    8
   0   86   12
   0   87   15
   0   88   19
   0   89   27
   0   90   35
   0   91   32
   0   92   38
   0   93   18
   0   94   52
   0   95    4
   0   96   12
   0   97   15
   0   98   21
   0   99   17
   0  100   21
   0  101   16
   0  102   48
   0  103   14
   0  104   21
   0  105   19
   1    2   48
   1    3   81
   1    4   80
   1    5   34
   1    6    0
   1    7   10
   1    8    3
   1    9    7
   1   10    5
   1   11   12
   1   12   14
   1   13   11
   1   14   52
   1   15   47
   1   16   48
   1   17   43
   1   18   54
   1   19   45
   1   20   51
   1   21   51
   1   22   47
   1   23   82
   1   24   77
   1   25   72
   1   26   81
   1   27   72
   1   28   81
   1   29   71
   1   30   81
   1   31   89
   1   32   86
   1   33   87
   1   34   82
   1   35   84
   1   36   80
   1   37   83
   1   38   85
   1   39   78
   1   40   42
   1   41   40
   1   42   40
   1   43   37
   1   44   35
   1   45   35
   1   46   34
   1   47   30
   1   48   30
   1   49   30
   1   50    6
   1   51    9
   1   52   46
   1   53   82
   1   54   75
   1   55   69
   1   56   72
   1   57   55
   1   58   35
   1   59   39
   1   60   25
   1   61   56
   1   62   60
   1   63   76
   1   64   67
   1   65   27
   1   66   28
   1   67   64
   1   68   76
   1   69   59
   1   70   46
   1   71   51
   1   72   58
   1   73   29
   1   74   34
   1   75   19
   1   76   50
   1   77   43
   1   78   34
   1   79   65
   1   80   82
   1   81   81
   1   82   82
   1   83   34
   1   84   25
   1   85   44
   1   86   36
   1   87   42
   1   88   55
   1   89   64
   1   90   73
   1   91   61
   1   92   62
   1   93   27
   1   94   90
   1   95   40
   1   96   49
   1   97   50
   1   98   49
   1   99   49
   1  100   57
   1  101   43
   1  102   70
   1  103   33
   1  104   50
   1  105   19
   2    3   47
   2    4   80
   2    5   61
   2    6   48
   2    7   38
   2    8   47
   2    9   42
   2   10   47
   2   11   36
   2   12   36
   2   13   41
   2   14    5
   2   15    2
   2   16    0
   2   17    5
   2   18    6
   2   19    6
   2   20    6
   2   21    8
   2   22    9
   2   23   50
   2   24   45
   2   25   42
   2   26   47
   2   27   41
   2   28   46
   2   29   39
   2   30   44
   2   31   88
   2   32   87
   2   33   85
   2   34   82
   2   35   81
   2   36   80
   2   37   80
   2   38   78
   2   39   77
   2   40   74
   2   41   73
   2   42   71
   2   43   67
   2   44   66
   2   45   69
   2   46   61
   2   47   62
   2   48   65
   2   49   63
   2   50   44
   2   51   41
   2   52    8
   2   53   49
   2   54   44
   2   55   64
   2   56   51
   2   57   20
   2   58   16
   2   59   51
   2   60   30
   2   61   42
   2   62   27
   2   63   31
   2   64   20
   2   65   21
   2   66   45
   2   67   57
   2   68   60
   2   69   38
   2   70   27
   2   71   33
   2   72   56
   2   73   38
   2   74   26
   2   75   40
   2   76   59
   2   77   60
   2   78   21
   2   79   23
   2   80   35
   2   81   59
   2   82   40
   2   83   16
   2   84   28
   2   85   40
   2   86   45
   2   87   19
   2   88   30
   2   89   50
   2   90   58
   2   91   21
   2   92   16
   2   93   24
   2   94   69
   2   95   30
   2   96   41
   2   97   45
   2   98   54
   2   99   50
   2  100   48
   2  101   49
   2  102   22
   2  103   22
   2  104   19
   2  105   35
   3    4   57
   3    5   72
   3    6   81
   3    7   72
   3    8   82
   3    9   78
   3   10   82
   3   11   73
   3   12   74
   3   13   79
   3   14   42
   3   15   46
   3   16   47
   3   17   51
   3   18   46
   3   19   53
   3   20   52
   3   21   53
   3   22   57
   3   23    4
   3   24    5
   3   25   10
   3   26    0
   3   27   10
   3   28    2
   3   29   10
   3   30    5
   3   31   60
   3   32   63
   3   33   58
   3   34   58
   3   35   54
   3   36   57
   3   37   53
   3   38   49
   3   39   54
   3   40   84
   3   41   84
   3   42   81
   3   43   78
   3   44   78
   3   45   82
   3   46   72
   3   47   76
   3   48   81
   3   49   78
   3   50   80
   3   51   78
   3   52   55
   3   53    2
   3   54    7
   3   55   44
   3   56   21
   3   57   29
   3   58   49
   3   59   57
   3   60   56
   3   61   32
   3   62   22
   3   63   25
   3   64   34
   3   65   60
   3   66   60
   3   67   39
   3   68   29
   3   69   25
   3   70   35
   3   71   32
   3   72   44
   3   73   55
   3   74   48
   3   75   64
   3   76   56
   3   77   64
   3   78   67
   3   79   25
   3   80   35
   3   81   21
   3   82   17
   3   83   60
   3   84   72
   3   85   43
   3   86   54
   3   87   40
   3   88   26
   3   89   29
   3   90   29
   3   91   27
   3   92   34
   3   93   55
   3   94   27
   3   95   42
   3   96   38
   3   97   40
   3   98   51
   3   99   46
   3  100   36
   3  101   51
   3  102   38
   3  103   49
   3  104   33
   3  105   63
   4    5   50
   4    6   80
   4    7   77
   4    8   83
   4    9   82
   4   10   84
   4   11   81
   4   12   83
   4   13   86
   4   14   78
   4   15   78
   4   16   80
   4   17   81
   4   18   83
   4   19   84
   4   20   86
   4   21   88
   4   22   89
   4   23   53
   4   24   52
   4   25   50
   4   26   57
   4   27   52
   4   28   58
   4   29   54
   4   30   61
   4   31    9
   4   32    7
   4   33    6
   4   34    2
   4   35    5
   4   36    0
   4   37    5
   4   38   10
   4   39    3
   4   40   54
   4   41   55
   4   42   52
   4   43   52
   4   44   53
   4   45   57
   4   46   50
   4   47   56
   4   48   60
   4   49   57
   4   50   83
   4   51   83
   4   52   87
   4   53   55
   4   54   51
   4   55   16
   4   56   36
   4   57   63
   4   58   70
   4   59   41
   4   60   63
   4   61   38
   4   62   59
   4   63   77
   4   64   79
   4   65   77
   4   66   52
   4   67   23
   4   68   27
   4   69   43
   4   70   53
   4   71   47
   4   72   25
   4   73   54
   4   74   59
   4   75   63
   4   76   30
   4   77   39
   4   78   90
   4   79   70
   4   80   88
   4   81   36
   4   82   72
   4   83   83
   4   84   88
   4   85   43
   4   86   45
   4   87   62
   4   88   51
   4   89   32
   4   90   28
   4   91   68
   4   92   77
   4   93   68
   4   94   37
   4   95   52
   4   96   40
   4   97   36
   4   98   32
   4   99   34
   4  100   32
   4  101   38
   4  102   86
   4  103   64
   4  104   62
   4  105   65
   5    6   34
   5    7   36
   5    8   37
   5    9   38
   5   10   39
   5   11   40
   5   12   43
   5   13   43
   5   14   62
   5   15   59
   5   16   61
   5   17   58
   5   18   66
   5   19   61
   5   20   66
   5   21   68
   5   22   65
   5   23   71
   5   24   67
   5   25   62
   5   26   72
   5   27   63
   5   28   73
   5   29   63
   5   30   74
   5   31   58
   5   32   54
   5   33   56
   5   34   51
   5   35   54
   5   36   50
   5   37   54
   5   38   57
   5   39   48
   5   40   13
   5   41   12
   5   42   10
   5   43    6
   5   44    5
   5   45   10
   5   46    0
   5   47    6
   5   48   10
   5   49    8
   5   50   39
   5   51   40
   5   52   64
   5   53   72
   5   54   65
   5   55   42
   5   56   55
   5   57   56
   5   58   45
   5   59   15
   5   60   32
   5   61   41
   5   62   57
   5   63   78
   5   64   73
   5   65   46
   5   66   16
   5   67   41
   5   68   55
   5   69   47
   5   70   42
   5   71   42
   5   72   34
   5   73   23
   5   74   35
   5   75   24
   5   76   21
   5   77   11
   5   78   58
   5   79   67
   5   80   88
   5   81   63
   5   82   80
   5   83   53
   5   84   52
   5   85   30
   5   86   19
   5   87   45
   5   88   49
   5   89   46
   5   90   52
   5   91   63
   5   92   69
   5   93   38
   5   94   71
   5   95   35
   5   96   34
   5   97   32
   5   98   23
   5   99   27
   5  100   38
   5  101   21
   5  102   79
   5  103   39
   5  104   51
   5  105   28
   6    7   10
   6    8    3
   6    9    7
   6   10    5
   6   11   12
   6   12   14
   6   13   11
   6   14   52
   6   15   47
   6   16   48
   6   17   43
   6   18   54
   6   19   45
   6   20   51
   6   21   51
   6   22   47
   6   23   82
   6   24   77
   6   25   72
   6   26   81
   6   27   72
   6   28   81
   6   29   71
   6   30   81
   6   31   89
   6   32   86
   6   33   87
   6   34   82
   6   35   84
   6   36   80
   6   37   83
   6   38   85
   6   39   78
   6   40   42
   6   41   40
   6   42   40
   6   43   37
   6   44   35
   6   45   35
   6   46   34
   6   47   30
   6   48   30
   6   49   30
   6   50    6
   6   51    9
   6   52   46
   6   53   82
   6   54   75
   6   55   69
   6   56   72
   6   57   55
   6   58   35
   6   59   39
   6   60   25
   6   61   56
   6   62   60
   6   63   76
   6   64   67
   6   65   27
   6   66   28
   6   67   64
   6   68   76
   6   69   59
   6   70   46
   6   71   51
   6   72   58
   6   73   29
   6   74   34
   6   75   19
   6   76   50
   6   77   43
   6   78   34
   6   79   65
   6   80   82
   6   81   81
   6   82   82
   6   83   34
   6   84   25
   6   85   44
   6   86   36
   6   87   42
   6   88   55
   6   89   64
   6   90   73
   6   91   61
   6   92   62
   6   93   27
   6   94   90
   6   95   40
   6   96   49
   6   97   50
   6   98   49
   6   99   49
   6  100   57
   6  101   43
   6  102   70
   6  103   33
   6  104   50
   6  105   19
   7    8   10
   7    9    5
   7   10   10
   7   11    4
   7   12    7
   7   13    9
   7   14   42
   7   15   37
   7   16   38
   7   17   33
   7   18   43
   7   19   34
   7   20   40
   7   21   41
   7   22   37
   7   23   73
   7   24   68
   7   25   63
   7   26   72
   7   27   63
   7   28   72
   7   29   62
   7   30   71
   7   31   86
   7   32   83
   7   33   83
   7   34   79
   7   35   80
   7   36   77
   7   37   79
   7   38   80
   7   39   75
   7   40   46
   7   41   44
   7   42   44
   7   43   40
   7   44   38
   7   45   39
   7   46   36
   7   47   33
   7   48   34
   7   49   34
   7   50    7
   7   51    6
   7   52   36
   7   53   73
   7   54   66
   7   55   64
   7   56   64
   7   57   45
   7   58   25
   7   59   36
   7   60   17
   7   61   49
   7   62   51
   7   63   65
   7   64   56
   7   65   17
   7   66   25
   7   67   59
   7   68   70
   7   69   51
   7   70   37
   7   71   42
   7   72   53
   7   73   23
   7   74   25
   7   75   14
   7   76   47
   7   77   42
   7   78   25
   7   79   55
   7   80   72
   7   81   74
   7   82   72
   7   83   24
   7   84   17
   7   85   38
   7   86   32
   7   87   32
   7   88   46
   7   89   58
   7   90   66
   7   91   51
   7   92   52
   7   93   17
   7   94   83
   7   95   32
   7   96   43
   7   97   45
   7   98   45
   7   99   44
   7  100   51
   7  101   39
   7  102   60
   7  103   23
   7  104   40
   7  105   12
   8    9    5
   8   10    2
   8   11   11
   8   12   12
   8   13    9
   8   14   51
   8   15   47
   8   16   47
   8   17   42
   8   18   53
   8   19   43
   8   20   49
   8   21   50
   8   22   46
   8   23   83
   8   24   78
   8   25   73
   8   26   82
   8   27   72
   8   28   82
   8   29   72
   8   30   81
   8   31   91
   8   32   88
   8   33   89
   8   34   84
   8   35   86
   8   36   83
   8   37   85
   8   38   87
   8   39   80
   8   40   45
   8   41   43
   8   42   43
   8   43   40
   8   44   38
   8   45   38
   8   46   37
   8   47   33
   8   48   33
   8   49   33
   8   50    4
   8   51    6
   8   52   45
   8   53   82
   8   54   76
   8   55   71
   8   56   73
   8   57   55
   8   58   35
   8   59   41
   8   60   26
   8   61   57
   8   62   61
   8   63   75
   8   64   66
   8   65   26
   8   66   30
   8   67   66
   8   68   78
   8   69   60
   8   70   47
   8   71   52
   8   72   60
   8   73   31
   8   74   34
   8   75   21
   8   76   52
   8   77   46
   8   78   32
   8   79   65
   8   80   82
   8   81   82
   8   82   82
   8   83   32
   8   84   23
   8   85   45
   8   86   38
   8   87   42
   8   88   56
   8   89   66
   8   90   74
   8   91   61
   8   92   62
   8   93   27
   8   94   92
   8   95   41
   8   96   51
   8   97   52
   8   98   51
   8   99   51
   8  100   59
   8  101   45
   8  102   69
   8  103   33
   8  104   50
   8  105   20
   9   10    5
   9   11    5
   9   12    7
   9   13    5
   9   14   46
   9   15   41
   9   16   42
   9   17   37
   9   18   47
   9   19   38
   9   20   44
   9   21   45
   9   22   40
   9   23   79
   9   24   73
   9   25   69
   9   26   78
   9   27   68
   9   28   77
   9   29   67
   9   30   76
   9   31   90
   9   32   87
   9   33   88
   9   34   83
   9   35   84
   9   36   82
   9   37   84
   9   38   85
   9   39   79
   9   40   47
   9   41   45
   9   42   45
   9   43   42
   9   44   40
   9   45   40
   9   46   38
   9   47   35
   9   48   35
   9   49   35
   9   50    2
   9   51    2
   9   52   39
   9   53   78
   9   54   71
   9   55   69
   9   56   69
   9   57   50
   9   58   30
   9   59   40
   9   60   22
   9   61   54
   9   62   56
   9   63   70
   9   64   61
   9   65   21
   9   66   29
   9   67   64
   9   68   75
   9   69   56
   9   70   43
   9   71   48
   9   72   58
   9   73   28
   9   74   30
   9   75   19
   9   76   51
   9   77   46
   9   78   27
   9   79   60
   9   80   76
   9   81   79
   9   82   77
   9   83   27
   9   84   18
   9   85   43
   9   86   36
   9   87   38
   9   88   52
   9   89   63
   9   90   71
   9   91   56
   9   92   57
   9   93   22
   9   94   89
   9   95   37
   9   96   48
   9   97   50
   9   98   50
   9   99   49
   9  100   56
   9  101   44
   9  102   64
   9  103   29
   9  104   45
   9  105   17
  10   11   10
  10   12   11
  10   13    7
  10   14   51
  10   15   46
  10   16   47
  10   17   42
  10   18   52
  10   19   43
  10   20   48
  10   21   49
  10   22   45
  10   23   84
  10   24   78
  10   25   73
  10   26   82
  10   27   73
  10   28   82
  10   29   72
  10   30   81
  10   31   93
  10   32   90
  10   33   91
  10   34   86
  10   35   87
  10   36   84
  10   37   87
  10   38   88
  10   39   82
  10   40   47
  10   41   45
  10   42   45
  10   43   42
  10   44   40
  10   45   40
  10   46   39
  10   47   35
  10   48   35
  10   49   35
  10   50    3
  10   51    5
  10   52   44
  10   53   83
  10   54   76
  10   55   72
  10   56   74
  10   57   55
  10   58   35
  10   59   43
  10   60   27
  10   61   58
  10   62   61
  10   63   75
  10   64   66
  10   65   25
  10   66   32
  10   67   67
  10   68   79
  10   69   60
  10   70   47
  10   71   52
  10   72   62
  10   73   32
  10   74   35
  10   75   22
  10   76   54
  10   77   47
  10   78   31
  10   79   65
  10   80   81
  10   81   83
  10   82   82
  10   83   31
  10   84   22
  10   85   47
  10   86   40
  10   87   43
  10   88   57
  10   89   67
  10   90   75
  10   91   61
  10   92   62
  10   93   27
  10   94   93
  10   95   42
  10   96   52
  10   97   53
  10   98   53
  10   99   52
  10  100   60
  10  101   47
  10  102   69
  10  103   34
  10  104   50
  10  105   21
  11   12    3
  11   13    6
  11   14   41
  11   15   36
  11   16   36
  11   17   32
  11   18   42
  11   19   33
  11   20   38
  11   21   39
  11   22   35
  11   23   75
  11   24   69
  11   25   65
  11   26   73
  11   27   64
  11   28   73
  11   29   63
  11   30   72
  11   31   89
  11   32   87
  11   33   87
  11   34   82
  11   35   83
  11   36   81
  11   37   82
  11   38   84
  11   39   78
  11   40   50
  11   41   48
  11   42   48
  11   43   44
  11   44   42
  11   45   43
  11   46   40
  11   47   37
  11   48   38
  11   49   38
  11   50    7
  11   51    5
  11   52   34
  11   53   74
  11   54   67
  11   55   67
  11   56   66
  11   57   46
  11   58   25
  11   59   40
  11   60   19
  11   61   51
  11   62   51
  11   63   65
  11   64   56
  11   65   15
  11   66   29
  11   67   62
  11   68   72
  11   69   52
  11   70   39
  11   71   44
  11   72   57
  11   73   27
  11   74   26
  11   75   18
  11   76   51
  11   77   46
  11   78   22
  11   79   55
  11   80   71
  11   81   76
  11   82   72
  11   83   21
  11   84   14
  11   85   40
  11   86   35
  11   87   33
  11   88   48
  11   89   60
  11   90   69
  11   91   51
  11   92   51
  11   93   18
  11   94   85
  11   95   34
  11   96   45
  11   97   47
  11   98   49
  11   99   47
  11  100   54
  11  101   43
  11  102   59
  11  103   24
  11  104   41
  11  105   15
  12   13    5
  12   14   40
  12   15   35
  12   16   36
  12   17   31
  12   18   41
  12   19   32
  12   20   37
  12   21   38
  12   22   34
  12   23   76
  12   24   70
  12   25   66
  12   26   74
  12   27   65
  12   28   74
  12   29   64
  12   30   73
  12   31   92
  12   32   89
  12   33   89
  12   34   85
  12   35   86
  12   36   83
  12   37   85
  12   38   86
  12   39   81
  12   40   53
  12   41   51
  12   42   50
  12   43   47
  12   44   45
  12   45   46
  12   46   43
  12   47   40
  12   48   41
  12   49   41
  12   50    9
  12   51    6
  12   52   33
  12   53   75
  12   54   69
  12   55   70
  12   56   68
  12   57   46
  12   58   25
  12   59   43
  12   60   21
  12   61   53
  12   62   52
  12   63   65
  12   64   55
  12   65   15
  12   66   32
  12   67   64
  12   68   74
  12   69   54
  12   70   40
  12   71   46
  12   72   59
  12   73   29
  12   74   28
  12   75   21
  12   76   54
  12   77   49
  12   78   20
  12   79   55
  12   80   71
  12   81   77
  12   82   72
  12   83   20
  12   84   11
  12   85   43
  12   86   38
  12   87   34
  12   88   49
  12   89   62
  12   90   71
  12   91   51
  12   92   51
  12   93   19
  12   94   87
  12   95   36
  12   96   47
  12   97   50
  12   98   51
  12   99   50
  12  100   56
  12  101   45
  12  102   58
  12  103   25
  12  104   41
  12  105   18
  13   14   45
  13   15   40
  13   16   41
  13   17   36
  13   18   46
  13   19   36
  13   20   42
  13   21   43
  13   22   38
  13   23   80
  13   24   75
  13   25   70
  13   26   79
  13   27   70
  13   28   78
  13   29   69
  13   30   78
  13   31   94
  13   32   92
  13   33   92
  13   34   87
  13   35   88
  13   36   86
  13   37   88
  13   38   89
  13   39   83
  13   40   52
  13   41   50
  13   42   50
  13   43   47
  13   44   45
  13   45   45
  13   46   43
  13   47   40
  13   48   40
  13   49   40
  13   50    5
  13   51    3
  13   52   37
  13   53   80
  13   54   73
  13   55   73
  13   56   72
  13   57   51
  13   58   30
  13   59   45
  13   60   25
  13   61   57
  13   62   57
  13   63   70
  13   64   60
  13   65   20
  13   66   34
  13   67   67
  13   68   78
  13   69   58
  13   70   45
  13   71   50
  13   72   62
  13   73   32
  13   74   32
  13   75   23
  13   76   56
  13   77   50
  13   78   24
  13   79   60
  13   80   76
  13   81   82
  13   82   77
  13   83   25
  13   84   15
  13   85   46
  13   86   40
  13   87   39
  13   88   54
  13   89   66
  13   90   75
  13   91   56
  13   92   56
  13   93   24
  13   94   91
  13   95   40
  13   96   51
  13   97   53
  13   98   54
  13   99   53
  13  100   59
  13  101   48
  13  102   63
  13  103   30
  13  104   46
  13  105   21
  14   15    5
  14   16    5
  14   17   10
  14   18    5
  14   19   11
  14   20    9
  14   21   11
  14   22   14
  14   23   45
  14   24   41
  14   25   38
  14   26   42
  14   27   36
  14   28   41
  14   29   34
  14   30   39
  14   31   85
  14   32   85
  14   33   82
  14   34   80
  14   35   78
  14   36   78
  14   37   77
  14   38   76
  14   39   75
  14   40   76
  14   41   74
  14   42   72
  14   43   69
  14   44   67
  14   45   71
  14   46   62
  14   47   64
  14   48   67
  14   49   65
  14   50   48
  14   51   46
  14   52   13
  14   53   44
  14   54   39
  14   55   62
  14   56   47
  14   57   16
  14   58   18
  14   59   51
  14   60   32
  14   61   40
  14   62   22
  14   63   25
  14   64   15
  14   65   25
  14   66   46
  14   67   55
  14   68   57
  14   69   35
  14   70   25
  14   71   31
  14   72   54
  14   73   39
  14   74   27
  14   75   42
  14   76   59
  14   77   61
  14   78   26
  14   79   18
  14   80   30
  14   81   55
  14   82   35
  14   83   21
  14   84   33
  14   85   39
  14   86   45
  14   87   19
  14   88   27
  14   89   47
  14   90   54
  14   91   16
  14   92   11
  14   93   27
  14   94   64
  14   95   30
  14   96   40
  14   97   44
  14   98   54
  14   99   49
  14  100   46
  14  101   49
  14  102   18
  14  103   23
  14  104   16
  14  105   38
  15   16    2
  15   17    5
  15   18    7
  15   19    7
  15   20    8
  15   21   10
  15   22   11
  15   23   49
  15   24   44
  15   25   41
  15   26   46
  15   27   39
  15   28   45
  15   29   38
  15   30   43
  15   31   86
  15   32   85
  15   33   83
  15   34   80
  15   35   79
  15   36   78
  15   37   78
  15   38   76
  15   39   75
  15   40   73
  15   41   71
  15   42   69
  15   43   66
  15   44   64
  15   45   67
  15   46   59
  15   47   60
  15   48   64
  15   49   62
  15   50   43
  15   51   41
  15   52    9
  15   53   47
  15   54   43
  15   55   62
  15   56   49
  15   57   18
  15   58   14
  15   59   49
  15   60   28
  15   61   40
  15   62   25
  15   63   30
  15   64   20
  15   65   21
  15   66   43
  15   67   55
  15   68   59
  15   69   36
  15   70   25
  15   71   31
  15   72   54
  15   73   36
  15   74   24
  15   75   38
  15   76   57
  15   77   59
  15   78   22
  15   79   22
  15   80   35
  15   81   57
  15   82   39
  15   83   16
  15   84   28
  15   85   38
  15   86   43
  15   87   17
  15   88   28
  15   89   48
  15   90   56
  15   91   19
  15   92   16
  15   93   23
  15   94   67
  15   95   28
  15   96   39
  15   97   43
  15   98   52
  15   99   48
  15  100   46
  15  101   47
  15  102   23
  15  103   20
  15  104   17
  15  105   34
  16   17    5
  16   18    6
  16   19    6
  16   20    6
  16   21    8
  16   22    9
  16   23   50
  16   24   45
  16   25   42
  16   26   47
  16   27   41
  16   28   46
  16   29   39
  16   30   44
  16   31   88
  16   32   87
  16   33   85
  16   34   82
  16   35   81
  16   36   80
  16   37   80
  16   38   78
  16   39   77
  16   40   74
  16   41   73
  16   42   71
  16   43   67
  16   44   66
  16   45   69
  16   46   61
  16   47   62
  16   48   65
  16   49   63
  16   50   44
  16   51   41
  16   52    8
  16   53   49
  16   54   44
  16   55   64
  16   56   51
  16   57   20
  16   58   16
  16   59   51
  16   60   30
  16   61   42
  16   62   27
  16   63   31
  16   64   20
  16   65   21
  16   66   45
  16   67   57
  16   68   60
  16   69   38
  16   70   27
  16   71   33
  16   72   56
  16   73   38
  16   74   26
  16   75   40
  16   76   59
  16   77   60
  16   78   21
  16   79   23
  16   80   35
  16   81   59
  16   82   40
  16   83   16
  16   84   28
  16   85   40
  16   86   45
  16   87   19
  16   88   30
  16   89   50
  16   90   58
  16   91   21
  16   92   16
  16   93   24
  16   94   69
  16   95   30
  16   96   41
  16   97   45
  16   98   54
  16   99   50
  16  100   48
  16  101   49
  16  102   22
  16  103   22
  16  104   19
  16  105   35
  17   18   10
  17   19    3
  17   20    8
  17   21    9
  17   22    8
  17   23   54
  17   24   49
  17   25   45
  17   26   51
  17   27   44
  17   28   50
  17   29   42
  17   30   48
  17   31   88
  17   32   88
  17   33   85
  17   34   83
  17   35   81
  17   36   81
  17   37   80
  17   38   80
  17   39   78
  17   40   71
  17   41   70
  17   42   68
  17   43   64
  17   44   63
  17   45   66
  17   46   58
  17   47   59
  17   48   62
  17   49   60
  17   50   39
  17   51   36
  17   52    6
  17   53   52
  17   54   47
  17   55   65
  17   56   53
  17   57   23
  17   58   13
  17   59   49
  17   60   27
  17   61   43
  17   62   30
  17   63   36
  17   64   25
  17   65   17
  17   66   42
  17   67   58
  17   68   62
  17   69   40
  17   70   27
  17   71   34
  17   72   56
  17   73   35
  17   74   24
  17   75   36
  17   76   58
  17   77   59
  17   78   16
  17   79   28
  17   80   40
  17   81   62
  17   82   45
  17   83   11
  17   84   23
  17   85   39
  17   86   43
  17   87   19
  17   88   32
  17   89   52
  17   90   59
  17   91   25
  17   92   21
  17   93   21
  17   94   71
  17   95   29
  17   96   41
  17   97   45
  17   98   53
  17   99   49
  17  100   49
  17  101   48
  17  102   27
  17  103   19
  17  104   21
  17  105   32
  18   19   10
  18   20    6
  18   21    7
  18   22   11
  18   23   49
  18   24   45
  18   25   42
  18   26   46
  18   27   40
  18   28   45
  18   29   39
  18   30   42
  18   31   90
  18   32   90
  18   33   87
  18   34   85
  18   35   83
  18   36   83
  18   37   82
  18   38   81
  18   39   80
  18   40   80
  18   41   78
  18   42   76
  18   43   73
  18   44   71
  18   45   74
  18   46   66
  18   47   67
  18   48   71
  18   49   69
  18   50   49
  18   51   47
  18   52   10
  18   53   48
  18   54   44
  18   55   67
  18   56   52
  18   57   21
  18   58   21
  18   59   56
  18   60   35
  18   61   45
  18   62   27
  18   63   27
  18   64   16
  18   65   27
  18   66   50
  18   67   60
  18   68   62
  18   69   40
  18   70   30
  18   71   36
  18   72   59
  18   73   43
  18   74   31
  18   75   45
  18   76   63
  18   77   65
  18   78   25
  18   79   21
  18   80   30
  18   81   60
  18   82   37
  18   83   21
  18   84   33
  18   85   44
  18   86   50
  18   87   23
  18   88   32
  18   89   52
  18   90   59
  18   91   19
  18   92   13
  18   93   30
  18   94   69
  18   95   34
  18   96   45
  18   97   49
  18   98   59
  18   99   54
  18  100   51
  18  101   53
  18  102   17
  18  103   27
  18  104   21
  18  105   41
  19   20    6
  19   21    7
  19   22    5
  19   23   56
  19   24   51
  19   25   48
  19   26   53
  19   27   46
  19   28   52
  19   29   45
  19   30   50
  19   31   91
  19   32   91
  19   33   88
  19   34   86
  19   35   84
  19   36   84
  19   37   83
  19   38   82
  19   39   81
  19   40   74
  19   41   72
  19   42   70
  19   43   67
  19   44   65
  19   45   68
  19   46   61
  19   47   61
  19   48   64
  19   49   62
  19   50   40
  19   51   37
  19   52    3
  19   53   54
  19   54   50
  19   55   68
  19   56   56
  19   57   25
  19   58   16
  19   59   52
  19   60   29
  19   61   46
  19   62   32
  19   63   36
  19   64   25
  19   65   18
  19   66   45
  19   67   61
  19   68   65
  19   69   43
  19   70   30
  19   71   37
  19   72   59
  19   73   38
  19   74   27
  19   75   38
  19   76   61
  19   77   61
  19   78   15
  19   79   29
  19   80   40
  19   81   64
  19   82   46
  19   83   11
  19   84   23
  19   85   42
  19   86   46
  19   87   22
  19   88   35
  19   89   54
  19   90   62
  19   91   26
  19   92   22
  19   93   23
  19   94   74
  19   95   32
  19   96   44
  19   97   48
  19   98   56
  19   99   52
  19  100   52
  19  101   51
  19  102   27
  19  103   22
  19  104   23
  19  105   34
  20   21    2
  20   22    5
  20   23   55
  20   24   50
  20   25   47
  20   26   52
  20   27   45
  20   28   50
  20   29   44
  20   30   48
  20   31   94
  20   32   93
  20   33   91
  20   34   88
  20   35   87
  20   36   86
  20   37   86
  20   38   84
  20   39   83
  20   40   79
  20   41   77
  20   42   76
  20   43   72
  20   44   70
  20   45   73
  20   46   66
  20   47   66
  20   48   70
  20   49   68
  20   50   46
  20   51   43
  20   52    5
  20   53   53
  20   54   49
  20   55   70
  20   56   57
  20   57   25
  20   58   21
  20   59   57
  20   60   34
  20   61   48
  20   62   32
  20   63   33
  20   64   22
  20   65   24
  20   66   50
  20   67   63
  20   68   66
  20   69   44
  20   70   33
  20   71   39
  20   72   62
  20   73   43
  20   74   31
  20   75   44
  20   76   65
  20   77   66
  20   78   20
  20   79   27
  20   80   35
  20   81   64
  20   82   43
  20   83   17
  20   84   28
  20   85   46
  20   86   50
  20   87   25
  20   88   36
  20   89   56
  20   90   63
  20   91   25
  20   92   19
  20   93   28
  20   94   74
  20   95   36
  20   96   47
  20   97   51
  20   98   60
  20   99   56
  20  100   54
  20  101   55
  20  102   22
  20  103   27
  20  104   25
  20  105   40
  21   22    5
  21   23   56
  21   24   52
  21   25   49
  21   26   53
  21   27   47
  21   28   52
  21   29   45
  21   30   49
  21   31   96
  21   32   95
  21   33   93
  21   34   90
  21   35   89
  21   36   88
  21   37   88
  21   38   86
  21   39   85
  21   40   81
  21   41   79
  21   42   77
  21   43   74
  21   44   72
  21   45   75
  21   46   68
  21   47   68
  21   48   71
  21   49   69
  21   50   47
  21   51   44
  21   52    5
  21   53   55
  21   54   50
  21   55   72
  21   56   59
  21   57   27
  21   58   22
  21   59   59
  21   60   36
  21   61   50
  21   62   34
  21   63   34
  21   64   22
  21   65   25
  21   66   51
  21   67   65
  21   68   68
  21   69   46
  21   70   35
  21   71   41
  21   72   64
  21   73   45
  21   74   33
  21   75   45
  21   76   67
  21   77   68
  21   78   20
  21   79   28
  21   80   35
  21   81   66
  21   82   44
  21   83   18
  21   84   29
  21   85   48
  21   86   52
  21   87   27
  21   88   38
  21   89   58
  21   90   65
  21   91   26
  21   92   20
  21   93   30
  21   94   76
  21   95   38
  21   96   49
  21   97   53
  21   98   62
  21   99   58
  21  100   56
  21  101   57
  21  102   22
  21  103   29
  21  104   26
  21  105   41
  22   23   59
  22   24   55
  22   25   52
  22   26   57
  22   27   50
  22   28   55
  22   29   48
  22   30   53
  22   31   96
  22   32   96
  22   33   93
  22   34   91
  22   35   89
  22   36   89
  22   37   88
  22   38   87
  22   39   86
  22   40   78
  22   41   76
  22   42   75
  22   43   71
  22   44   69
  22   45   72
  22   46   65
  22   47   65
  22   48   68
  22   49   66
  22   50   42
  22   51   39
  22   52    2
  22   53   58
  22   54   53
  22   55   73
  22   56   60
  22   57   29
  22   58   21
  22   59   57
  22   60   34
  22   61   51
  22   62   36
  22   63   38
  22   64   27
  22   65   21
  22   66   49
  22   67   66
  22   68   70
  22   69   47
  22   70   35
  22   71   42
  22   72   64
  22   73   43
  22   74   32
  22   75   42
  22   76   66
  22   77   66
  22   78   15
  22   79   32
  22   80   40
  22   81   68
  22   82   48
  22   83   14
  22   84   24
  22   85   47
  22   86   51
  22   87   27
  22   88   40
  22   89   59
  22   90   67
  22   91   30
  22   92   24
  22   93   27
  22   94   78
  22   95   37
  22   96   49
  22   97   53
  22   98   61
  22   99   57
  22  100   57
  22  101   56
  22  102   27
  22  103   27
  22  104   28
  22  105   38
  23   24    5
  23   25   10
  23   26    4
  23   27   11
  23   28    6
  23   29   12
  23   30    9
  23   31   57
  23   32   59
  23   33   54
  23   34   55
  23   35   51
  23   36   53
  23   37   50
  23   38   46
  23   39   51
  23   40   83
  23   41   83
  23   42   80
  23   43   77
  23   44   77
  23   45   82
  23   46   71
  23   47   76
  23   48   81
  23   49   78
  23   50   81
  23   51   79
  23   52   58
  23   53    2
  23   54    7
  23   55   41
  23   56   19
  23   57   31
  23   58   51
  23   59   56
  23   60   57
  23   61   31
  23   62   24
  23   63   29
  23   64   37
  23   65   62
  23   66   60
  23   67   37
  23   68   26
  23   69   25
  23   70   36
  23   71   32
  23   72   42
  23   73   55
  23   74   49
  23   75   65
  23   76   54
  23   77   63
  23   78   69
  23   79   28
  23   80   39
  23   81   17
  23   82   21
  23   83   62
  23   84   74
  23   85   42
  23   86   53
  23   87   42
  23   88   27
  23   89   27
  23   90   26
  23   91   30
  23   92   37
  23   93   57
  23   94   23
  23   95   43
  23   96   37
  23   97   39
  23   98   50
  23   99   45
  23  100   34
  23  101   50
  23  102   42
  23  103   50
  23  104   35
  23  105   63
  24   25    5
  24   26    5
  24   27    5
  24   28    6
  24   29    6
  24   30    9
  24   31   57
  24   32   59
  24   33   54
  24   34   54
  24   35   50
  24   36   52
  24   37   49
  24   38   46
  24   39   50
  24   40   79
  24   41   78
  24   42   76
  24   43   73
  24   44   72
  24   45   77
  24   46   67
  24   47   71
  24   48   76
  24   49   73
  24   50   75
  24   51   74
  24   52   53
  24   53    5
  24   54    2
  24   55   39
  24   56   16
  24   57   26
  24   58   46
  24   59   52
  24   60   51
  24   61   26
  24   62   19
  24   63   27
  24   64   34
  24   65   57
  24   66   55
  24   67   34
  24   68   25
  24   69   20
  24   70   31
  24   71   27
  24   72   39
  24   73   50
  24   74   43
  24   75   59
  24   76   51
  24   77   59
  24   78   64
  24   79   24
  24   80   37
  24   81   18
  24   82   20
  24   83   57
  24   84   68
  24   85   37
  24   86   49
  24   87   36
  24   88   22
  24   89   24
  24   90   25
  24   91   25
  24   92   33
  24   93   51
  24   94   25
  24   95   37
  24   96   33
  24   97   35
  24   98   46
  24   99   41
  24  100   30
  24  101   46
  24  102   39
  24  103   45
  24  104   30
  24  105   58
  25   26   10
  25   27    2
  25   28   11
  25   29    4
  25   30   12
  25   31   55
  25   32   57
  25   33   52
  25   34   52
  25   35   48
  25   36   50
  25   37   47
  25   38   44
  25   39   47
  25   40   74
  25   41   74
  25   42   71
  25   43   68
  25   44   67
  25   45   72
  25   46   62
  25   47   66
  25   48   71
  25   49   68
  25   50   71
  25   51   69
  25   52   50
  25   53   10
  25   54    3
  25   55   36
  25   56   14
  25   57   23
  25   58   41
  25   59   47
  25   60   47
  25   61   22
  25   62   16
  25   63   27
  25   64   32
  25   65   52
  25   66   50
  25   67   30
  25   68   24
  25   69   15
  25   70   26
  25   71   22
  25   72   35
  25   73   45
  25   74   39
  25   75   54
  25   76   46
  25   77   54
  25   78   60
  25   79   23
  25   80   38
  25   81   18
  25   82   22
  25   83   53
  25   84   64
  25   85   32
  25   86   44
  25   87   32
  25   88   17
  25   89   21
  25   90   22
  25   91   23
  25   92   31
  25   93   47
  25   94   27
  25   95   32
  25   96   28
  25   97   30
  25   98   42
  25   99   36
  25  100   26
  25  101   41
  25  102   38
  25  103   40
  25  104   26
  25  105   53
  26   27   10
  26   28    2
  26   29   10
  26   30    5
  26   31   60
  26   32   63
  26   33   58
  26   34   58
  26   35   54
  26   36   57
  26   37   53
  26   38   49
  26   39   54
  26   40   84
  26   41   84
  26   42   81
  26   43   78
  26   44   78
  26   45   82
  26   46   72
  26   47   76
  26   48   81
  26   49   78
  26   50   80
  26   51   78
  26   52   55
  26   53    2
  26   54    7
  26   55   44
  26   56   21
  26   57   29
  26   58   49
  26   59   57
  26   60   56
  26   61   32
  26   62   22
  26   63   25
  26   64   34
  26   65   60
  26   66   60
  26   67   39
  26   68   29
  26   69   25
  26   70   35
  26   71   32
  26   72   44
  26   73   55
  26   74   48
  26   75   64
  26   76   56
  26   77   64
  26   78   67
  26   79   25
  26   80   35
  26   81   21
  26   82   17
  26   83   60
  26   84   72
  26   85   43
  26   86   54
  26   87   40
  26   88   26
  26   89   29
  26   90   29
  26   91   27
  26   92   34
  26   93   55
  26   94   27
  26   95   42
  26   96   38
  26   97   40
  26   98   51
  26   99   46
  26  100   36
  26  101   51
  26  102   38
  26  103   49
  26  104   33
  26  105   63
  27   28   10
  27   29    2
  27   30   11
  27   31   57
  27   32   59
  27   33   54
  27   34   54
  27   35   50
  27   36   52
  27   37   49
  27   38   46
  27   39   49
  27   40   75
  27   41   74
  27   42   72
  27   43   69
  27   44   68
  27   45   73
  27   46   63
  27   47   67
  27   48   72
  27   49   69
  27   50   70
  27   51   69
  27   52   48
  27   53   10
  27   54    4
  27   55   38
  27   56   16
  27   57   21
  27   58   40
  27   59   47
  27   60   46
  27   61   22
  27   62   14
  27   63   25
  27   64   30
  27   65   51
  27   66   50
  27   67   32
  27   68   25
  27   69   16
  27   70   25
  27   71   22
  27   72   36
  27   73   45
  27   74   38
  27   75   54
  27   76   47
  27   77   55
  27   78   59
  27   79   21
  27   80   36
  27   81   20
  27   82   21
  27   83   52
  27   84   63
  27   85   33
  27   86   44
  27   87   31
  27   88   16
  27   89   22
  27   90   24
  27   91   21
  27   92   29
  27   93   46
  27   94   29
  27   95   32
  27   96   28
  27   97   31
  27   98   43
  27   99   37
  27  100   27
  27  101   42
  27  102   36
  27  103   40
  27  104   24
  27  105   53
  28   29   10
  28   30    3
  28   31   62
  28   32   64
  28   33   60
  28   34   60
  28   35   56
  28   36   58
  28   37   55
  28   38   51
  28   39   56
  28   40   85
  28   41   84
  28   42   82
  28   43   79
  28   44   78
  28   45   83
  28   46   73
  28   47   77
  28   48   82
  28   49   79
  28   50   79
  28   51   78
  28   52   54
  28   53    4
  28   54    8
  28   55   45
  28   56   23
  28   57   28
  28   58   48
  28   59   58
  28   60   56
  28   61   32
  28   62   22
  28   63   24
  28   64   32
  28   65   60
  28   66   60
  28   67   40
  28   68   31
  28   69   26
  28   70   35
  28   71   32
  28   72   45
  28   73   55
  28   74   48
  28   75   64
  28   76   57
  28   77   65
  28   78   66
  28   79   23
  28   80   33
  28   81   23
  28   82   15
  28   83   59
  28   84   71
  28   85   43
  28   86   54
  28   87   40
  28   88   26
  28   89   31
  28   90   31
  28   91   25
  28   92   32
  28   93   55
  28   94   29
  28   95   42
  28   96   39
  28   97   41
  28   98   52
  28   99   47
  28  100   37
  28  101   52
  28  102   36
  28  103   49
  28  104   32
  28  105   62
  29   30   10
  29   31   59
  29   32   60
  29   33   56
  29   34   56
  29   35   52
  29   36   54
  29   37   51
  29   38   48
  29   39   51
  29   40   76
  29   41   75
  29   42   72
  29   43   69
  29   44   69
  29   45   73
  29   46   63
  29   47   67
  29   48   72
  29   49   69
  29   50   69
  29   51   68
  29   52   47
  29   53   11
  29   54    5
  29   55   39
  29   56   18
  29   57   20
  29   58   39
  29   59   48
  29   60   46
  29   61   23
  29   62   13
  29   63   24
  29   64   28
  29   65   51
  29   66   50
  29   67   34
  29   68   27
  29   69   17
  29   70   25
  29   71   22
  29   72   37
  29   73   45
  29   74   38
  29   75   54
  29   76   48
  29   77   56
  29   78   58
  29   79   19
  29   80   34
  29   81   22
  29   82   19
  29   83   51
  29   84   62
  29   85   33
  29   86   44
  29   87   30
  29   88   16
  29   89   24
  29   90   26
  29   91   19
  29   92   28
  29   93   45
  29   94   31
  29   95   32
  29   96   29
  29   97   32
  29   98   44
  29   99   38
  29  100   28
  29  101   43
  29  102   34
  29  103   39
  29  104   23
  29  105   52
  30   31   65
  30   32   67
  30   33   62
  30   34   63
  30   35   59
  30   36   61
  30   37   58
  30   38   54
  30   39   58
  30   40   86
  30   41   85
  30   42   83
  30   43   80
  30   44   79
  30   45   84
  30   46   74
  30   47   78
  30   48   82
  30   49   80
  30   50   78
  30   51   77
  30   52   52
  30   53    7
  30   54   10
  30   55   48
  30   56   25
  30   57   27
  30   58   47
  30   59   59
  30   60   55
  30   61   34
  30   62   21
  30   63   21
  30   64   29
  30   65   59
  30   66   61
  30   67   42
  30   68   34
  30   69   27
  30   70   35
  30   71   33
  30   72   47
  30   73   55
  30   74   47
  30   75   64
  30   76   58
  30   77   66
  30   78   64
  30   79   21
  30   80   30
  30   81   26
  30   82   12
  30   83   58
  30   84   69
  30   85   44
  30   86   55
  30   87   39
  30   88   26
  30   89   33
  30   90   33
  30   91   24
  30   92   30
  30   93   54
  30   94   32
  30   95   42
  30   96   40
  30   97   42
  30   98   54
  30   99   48
  30  100   38
  30  101   53
  30  102   34
  30  103   48
  30  104   31
  30  105   62
  31   32    5
  31   33    3
  31   34    7
  31   35    7
  31   36    9
  31   37    8
  31   38   11
  31   39   11
  31   40   62
  31   41   63
  31   42   60
  31   43   60
  31   44   61
  31   45   65
  31   46   58
  31   47   64
  31   48   68
  31   49   66
  31   50   91
  31   51   92
  31   52   94
  31   53   59
  31   54   56
  31   55   24
  31   56   41
  31   57   70
  31   58   78
  31   59   50
  31   60   72
  31   61   45
  31   62   65
  31   63   82
  31   64   86
  31   65   85
  31   66   61
  31   67   30
  31   68   32
  31   69   50
  31   70   61
  31   71   54
  31   72   33
  31   73   63
  31   74   68
  31   75   72
  31   76   39
  31   77   47
  31   78   98
  31   79   76
  31   80   93
  31   81   39
  31   82   77
  31   83   91
  31   84   97
  31   85   51
  31   86   54
  31   87   69
  31   88   58
  31   89   38
  31   90   33
  31   91   74
  31   92   83
  31   93   76
  31   94   38
  31   95   60
  31   96   48
  31   97   44
  31   98   40
  31   99   42
  31  100   40
  31  101   47
  31  102   92
  31  103   72
  31  104   69
  31  105   74
  32   33    6
  32   34    5
  32   35    9
  32   36    7
  32   37    9
  32   38   14
  32   39   10
  32   40   57
  32   41   58
  32   42   56
  32   43   56
  32   44   57
  32   45   61
  32   46   54
  32   47   60
  32   48   64
  32   49   62
  32   50   89
  32   51   89
  32   52   94
  32   53   61
  32   54   58
  32   55   23
  32   56   43
  32   57   70
  32   58   76
  32   59   47
  32   60   70
  32   61   45
  32   62   66
  32   63   84
  32   64   86
  32   65   84
  32   66   58
  32   67   30
  32   68   34
  32   69   50
  32   70   60
  32   71   54
  32   72   32
  32   73   60
  32   74   66
  32   75   69
  32   76   36
  32   77   44
  32   78   96
  32   79   76
  32   80   95
  32   81   42
  32   82   79
  32   83   89
  32   84   95
  32   85   49
  32   86   51
  32   87   68
  32   88   58
  32   89   38
  32   90   34
  32   91   75
  32   92   84
  32   93   75
  32   94   41
  32   95   59
  32   96   47
  32   97   43
  32   98   38
  32   99   40
  32  100   39
  32  101   44
  32  102   93
  32  103   71
  32  104   69
  32  105   72
  33   34    5
  33   35    4
  33   36    6
  33   37    5
  33   38    9
  33   39    9
  33   40   60
  33   41   61
  33   42   59
  33   43   58
  33   44   59
  33   45   64
  33   46   56
  33   47   62
  33   48   66
  33   49   64
  33   50   89
  33   51   89
  33   52   91
  33   53   56
  33   54   53
  33   55   21
  33   56   38
  33   57   67
  33   58   75
  33   59   48
  33   60   69
  33   61   42
  33   62   62
  33   63   80
  33   64   83
  33   65   83
  33   66   59
  33   67   27
  33   68   29
  33   69   47
  33   70   58
  33   71   51
  33   72   30
  33   73   60
  33   74   65
  33   75   69
  33   76   37
  33   77   45
  33   78   95
  33   79   73
  33   80   91
  33   81   37
  33   82   74
  33   83   88
  33   84   94
  33   85   48
  33   86   51
  33   87   66
  33   88   55
  33   89   35
  33   90   30
  33   91   71
  33   92   80
  33   93   74
  33   94   35
  33   95   58
  33   96   45
  33   97   41
  33   98   38
  33   99   39
  33  100   37
  33  101   44
  33  102   89
  33  103   70
  33  104   66
  33  105   71
  34   35    5
  34   36    2
  34   37    6
  34   38   11
  34   39    5
  34   40   55
  34   41   56
  34   42   53
  34   43   53
  34   44   54
  34   45   58
  34   46   51
  34   47   57
  34   48   61
  34   49   59
  34   50   84
  34   51   85
  34   52   89
  34   53   57
  34   54   53
  34   55   18
  34   56   38
  34   57   65
  34   58   72
  34   59   43
  34   60   65
  34   61   40
  34   62   61
  34   63   79
  34   64   81
  34   65   79
  34   66   54
  34   67   25
  34   68   29
  34   69   45
  34   70   55
  34   71   49
  34   72   27
  34   73   56
  34   74   61
  34   75   65
  34   76   32
  34   77   40
  34   78   91
  34   79   72
  34   80   90
  34   81   38
  34   82   74
  34   83   85
  34   84   90
  34   85   45
  34   86   47
  34   87   64
  34   88   53
  34   89   34
  34   90   30
  34   91   70
  34   92   79
  34   93   70
  34   94   38
  34   95   54
  34   96   42
  34   97   38
  34   98   34
  34   99   35
  34  100   34
  34  101   40
  34  102   88
  34  103   66
  34  104   64
  34  105   67
  35   36    5
  35   37    1
  35   38    6
  35   39    6
  35   40   59
  35   41   60
  35   42   57
  35   43   56
  35   44   57
  35   45   62
  35   46   54
  35   47   60
  35   48   64
  35   49   62
  35   50   86
  35   51   86
  35   52   87
  35   53   52
  35   54   49
  35   55   17
  35   56   34
  35   57   63
  35   58   71
  35   59   45
  35   60   65
  35   61   38
  35   62   58
  35   63   76
  35   64   79
  35   65   79
  35   66   55
  35   67   24
  35   68   25
  35   69   43
  35   70   54
  35   71   48
  35   72   27
  35   73   57
  35   74   61
  35   75   66
  35   76   34
  35   77   43
  35   78   91
  35   79   69
  35   80   87
  35   81   33
  35   82   70
  35   83   84
  35   84   90
  35   85   44
  35   86   48
  35   87   62
  35   88   51
  35   89   31
  35   90   26
  35   91   67
  35   92   76
  35   93   70
  35   94   33
  35   95   54
  35   96   41
  35   97   37
  35   98   35
  35   99   36
  35  100   33
  35  101   41
  35  102   85
  35  103   66
  35  104   62
  35  105   68
  36   37    5
  36   38   10
  36   39    3
  36   40   54
  36   41   55
  36   42   52
  36   43   52
  36   44   53
  36   45   57
  36   46   50
  36   47   56
  36   48   60
  36   49   57
  36   50   83
  36   51   83
  36   52   87
  36   53   55
  36   54   51
  36   55   16
  36   56   36
  36   57   63
  36   58   70
  36   59   41
  36   60   63
  36   61   38
  36   62   59
  36   63   77
  36   64   79
  36   65   77
  36   66   52
  36   67   23
  36   68   27
  36   69   43
  36   70   53
  36   71   47
  36   72   25
  36   73   54
  36   74   59
  36   75   63
  36   76   30
  36   77   39
  36   78   90
  36   79   70
  36   80   88
  36   81   36
  36   82   72
  36   83   83
  36   84   88
  36   85   43
  36   86   45
  36   87   62
  36   88   51
  36   89   32
  36   90   28
  36   91   68
  36   92   77
  36   93   68
  36   94   37
  36   95   52
  36   96   40
  36   97   36
  36   98   32
  36   99   34
  36  100   32
  36  101   38
  36  102   86
  36  103   64
  36  104   62
  36  105   65
  37   38    5
  37   39    5
  37   40   59
  37   41   59
  37   42   56
  37   43   56
  37   44   57
  37   45   61
  37   46   54
  37   47   59
  37   48   64
  37   49   61
  37   50   85
  37   51   85
  37   52   86
  37   53   51
  37   54   48
  37   55   16
  37   56   34
  37   57   62
  37   58   70
  37   59   44
  37   60   64
  37   61   37
  37   62   57
  37   63   75
  37   64   78
  37   65   78
  37   66   55
  37   67   23
  37   68   24
  37   69   42
  37   70   53
  37   71   47
  37   72   26
  37   73   56
  37   74   60
  37   75   65
  37   76   33
  37   77   42
  37   78   90
  37   79   68
  37   80   86
  37   81   32
  37   82   69
  37   83   83
  37   84   89
  37   85   43
  37   86   47
  37   87   61
  37   88   50
  37   89   30
  37   90   25
  37   91   66
  37   92   75
  37   93   69
  37   94   32
  37   95   53
  37   96   40
  37   97   36
  37   98   34
  37   99   35
  37  100   32
  37  101   40
  37  102   84
  37  103   65
  37  104   61
  37  105   67
  38   39   10
  38   40   63
  38   41   63
  38   42   60
  38   43   60
  38   44   60
  38   45   65
  38   46   57
  38   47   63
  38   48   67
  38   49   64
  38   50   86
  38   51   87
  38   52   85
  38   53   47
  38   54   45
  38   55   16
  38   56   30
  38   57   60
  38   58   70
  38   59   46
  38   60   65
  38   61   36
  38   62   55
  38   63   72
  38   64   75
  38   65   78
  38   66   57
  38   67   22
  38   68   21
  38   69   40
  38   70   52
  38   71   46
  38   72   27
  38   73   57
  38   74   60
  38   75   67
  38   76   36
  38   77   46
  38   78   90
  38   79   65
  38   80   82
  38   81   28
  38   82   66
  38   83   83
  38   84   90
  38   85   44
  38   86   49
  38   87   61
  38   88   48
  38   89   28
  38   90   22
  38   91   64
  38   92   73
  38   93   69
  38   94   27
  38   95   53
  38   96   40
  38   97   37
  38   98   36
  38   99   36
  38  100   31
  38  101   42
  38  102   81
  38  103   65
  38  104   60
  38  105   68
  39   40   53
  39   41   54
  39   42   51
  39   43   51
  39   44   51
  39   45   56
  39   46   48
  39   47   54
  39   48   58
  39   49   56
  39   50   80
  39   51   81
  39   52   84
  39   53   52
  39   54   49
  39   55   13
  39   56   34
  39   57   60
  39   58   67
  39   59   39
  39   60   60
  39   61   35
  39   62   56
  39   63   74
  39   64   76
  39   65   74
  39   66   50
  39   67   20
  39   68   25
  39   69   40
  39   70   50
  39   71   44
  39   72   22
  39   73   51
  39   74   57
  39   75   60
  39   76   28
  39   77   37
  39   78   87
  39   79   67
  39   80   85
  39   81   34
  39   82   70
  39   83   80
  39   84   86
  39   85   40
  39   86   43
  39   87   59
  39   88   48
  39   89   29
  39   90   25
  39   91   65
  39   92   74
  39   93   65
  39   94   35
  39   95   49
  39   96   37
  39   97   33
  39   98   29
  39   99   31
  39  100   29
  39  101   36
  39  102   83
  39  103   61
  39  104   59
  39  105   63
  40   41    2
  40   42    4
  40   43    7
  40   44    9
  40   45    7
  40   46   13
  40   47   13
  40   48   12
  40   49   12
  40   50   47
  40   51   49
  40   52   76
  40   53   84
  40   54   77
  40   55   50
  40   56   66
  40   57   69
  40   58   59
  40   59   28
  40   60   45
  40   61   53
  40   62   70
  40   63   91
  40   64   86
  40   65   58
  40   66   30
  40   67   50
  40   68   65
  40   69   59
  40   70   55
  40   71   55
  40   72   43
  40   73   37
  40   74   49
  40   75   36
  40   76   30
  40   77   20
  40   78   70
  40   79   80
  40   80  101
  40   81   73
  40   82   93
  40   83   66
  40   84   63
  40   85   43
  40   86   32
  40   87   58
  40   88   62
  40   89   57
  40   90   62
  40   91   76
  40   92   82
  40   93   51
  40   94   80
  40   95   48
  40   96   47
  40   97   44
  40   98   34
  40   99   38
  40  100   49
  40  101   33
  40  102   92
  40  103   53
  40  104   65
  40  105   40
  41   42    3
  41   43    6
  41   44    7
  41   45    5
  41   46   12
  41   47   11
  41   48   10
  41   49   10
  41   50   45
  41   51   47
  41   52   75
  41   53   83
  41   54   77
  41   55   50
  41   56   66
  41   57   68
  41   58   57
  41   59   27
  41   60   43
  41   61   52
  41   62   69
  41   63   90
  41   64   85
  41   65   56
  41   66   28
  41   67   50
  41   68   65
  41   69   59
  41   70   54
  41   71   54
  41   72   43
  41   73   35
  41   74   47
  41   75   34
  41   76   30
  41   77   20
  41   78   68
  41   79   79
  41   80  100
  41   81   73
  41   82   92
  41   83   64
  41   84   61
  41   85   42
  41   86   31
  41   87   57
  41   88   61
  41   89   57
  41   90   62
  41   91   75
  41   92   81
  41   93   49
  41   94   80
  41   95   47
  41   96   46
  41   97   44
  41   98   33
  41   99   38
  41  100   49
  41  101   33
  41  102   91
  41  103   51
  41  104   63
  41  105   38
  42   43    4
  42   44    5
  42   45    6
  42   46   10
  42   47   10
  42   48   10
  42   49   10
  42   50   45
  42   51   47
  42   52   73
  42   53   80
  42   54   74
  42   55   48
  42   56   63
  42   57   66
  42   58   55
  42   59   24
  42   60   41
  42   61   49
  42   62   67
  42   63   88
  42   64   83
  42   65   55
  42   66   26
  42   67   47
  42   68   62
  42   69   56
  42   70   52
  42   71   51
  42   72   40
  42   73   33
  42   74   45
  42   75   33
  42   76   27
  42   77   17
  42   78   67
  42   79   77
  42   80   98
  42   81   70
  42   82   89
  42   83   63
  42   84   61
  42   85   39
  42   86   29
  42   87   54
  42   88   58
  42   89   54
  42   90   59
  42   91   73
  42   92   79
  42   93   48
  42   94   77
  42   95   45
  42   96   43
  42   97   41
  42   98   30
  42   99   35
  42  100   46
  42  101   30
  42  102   88
  42  103   49
  42  104   61
  42  105   37
  43   44    2
  43   45    5
  43   46    6
  43   47    7
  43   48    9
  43   49    7
  43   50   42
  43   51   44
  43   52   69
  43   53   78
  43   54   71
  43   55   46
  43   56   60
  43   57   62
  43   58   52
  43   59   21
  43   60   38
  43   61   47
  43   62   64
  43   63   84
  43   64   79
  43   65   51
  43   66   23
  43   67   45
  43   68   60
  43   69   53
  43   70   48
  43   71   48
  43   72   38
  43   73   30
  43   74   42
  43   75   29
  43   76   25
  43   77   15
  43   78   63
  43   79   73
  43   80   94
  43   81   68
  43   82   86
  43   83   59
  43   84   57
  43   85   36
  43   86   26
  43   87   51
  43   88   55
  43   89   51
  43   90   57
  43   91   69
  43   92   75
  43   93   44
  43   94   75
  43   95   41
  43   96   40
  43   97   38
  43   98   28
  43   99   32
  43  100   43
  43  101   27
  43  102   85
  43  103   46
  43  104   58
  43  105   34
  44   45    5
  44   46    5
  44   47    5
  44   48    7
  44   49    5
  44   50   40
  44   51   42
  44   52   68
  44   53   77
  44   54   70
  44   55   47
  44   56   60
  44   57   61
  44   58   50
  44   59   21
  44   60   36
  44   61   46
  44   62   63
  44   63   83
  44   64   78
  44   65   49
  44   66   21
  44   67   45
  44   68   60
  44   69   52
  44   70   47
  44   71   47
  44   72   38
  44   73   28
  44   74   40
  44   75   27
  44   76   25
  44   77   15
  44   78   61
  44   79   72
  44   80   93
  44   81   68
  44   82   85
  44   83   57
  44   84   55
  44   85   35
  44   86   25
  44   87   50
  44   88   54
  44   89   51
  44   90   57
  44   91   68
  44   92   74
  44   93   42
  44   94   75
  44   95   40
  44   96   40
  44   97   38
  44   98   28
  44   99   32
  44  100   43
  44  101   26
  44  102   84
  44  103   44
  44  104   56
  44  105   32
  45   46   10
  45   47    7
  45   48    5
  45   49    6
  45   50   40
  45   51   42
  45   52   70
  45   53   82
  45   54   75
  45   55   51
  45   56   65
  45   57   65
  45   58   53
  45   59   25
  45   60   39
  45   61   51
  45   62   67
  45   63   87
  45   64   82
  45   65   51
  45   66   25
  45   67   50
  45   68   65
  45   69   57
  45   70   51
  45   71   52
  45   72   43
  45   73   32
  45   74   44
  45   75   30
  45   76   30
  45   77   20
  45   78   63
  45   79   76
  45   80   97
  45   81   73
  45   82   90
  45   83   60
  45   84   57
  45   85   40
  45   86   29
  45   87   53
  45   88   59
  45   89   56
  45   90   62
  45   91   72
  45   92   78
  45   93   45
  45   94   80
  45   95   44
  45   96   44
  45   97   43
  45   98   33
  45   99   37
  45  100   48
  45  101   31
  45  102   87
  45  103   47
  45  104   60
  45  105   34
  46   47    6
  46   48   10
  46   49    8
  46   50   39
  46   51   40
  46   52   64
  46   53   72
  46   54   65
  46   55   42
  46   56   55
  46   57   56
  46   58   45
  46   59   15
  46   60   32
  46   61   41
  46   62   57
  46   63   78
  46   64   73
  46   65   46
  46   66   16
  46   67   41
  46   68   55
  46   69   47
  46   70   42
  46   71   42
  46   72   34
  46   73   23
  46   74   35
  46   75   24
  46   76   21
  46   77   11
  46   78   58
  46   79   67
  46   80   88
  46   81   63
  46   82   80
  46   83   53
  46   84   52
  46   85   30
  46   86   19
  46   87   45
  46   88   49
  46   89   46
  46   90   52
  46   91   63
  46   92   69
  46   93   38
  46   94   71
  46   95   35
  46   96   34
  46   97   32
  46   98   23
  46   99   27
  46  100   38
  46  101   21
  46  102   79
  46  103   39
  46  104   51
  46  105   28
  47   48    5
  47   49    2
  47   50   35
  47   51   37
  47   52   64
  47   53   76
  47   54   69
  47   55   48
  47   56   60
  47   57   58
  47   58   46
  47   59   20
  47   60   32
  47   61   45
  47   62   60
  47   63   81
  47   64   75
  47   65   45
  47   66   18
  47   67   46
  47   68   61
  47   69   51
  47   70   45
  47   71   45
  47   72   39
  47   73   25
  47   74   37
  47   75   23
  47   76   27
  47   77   17
  47   78   57
  47   79   69
  47   80   90
  47   81   68
  47   82   83
  47   83   53
  47   84   50
  47   85   34
  47   86   23
  47   87   46
  47   88   52
  47   89   51
  47   90   58
  47   91   66
  47   92   71
  47   93   38
  47   94   76
  47   95   38
  47   96   38
  47   97   37
  47   98   29
  47   99   32
  47  100   43
  47  101   26
  47  102   80
  47  103   40
  47  104   54
  47  105   27
  48   49    3
  48   50   35
  48   51   37
  48   52   66
  48   53   81
  48   54   74
  48   55   53
  48   56   65
  48   57   63
  48   58   49
  48   59   25
  48   60   35
  48   61   50
  48   62   65
  48   63   85
  48   64   79
  48   65   47
  48   66   22
  48   67   51
  48   68   66
  48   69   56
  48   70   49
  48   71   50
  48   72   44
  48   73   29
  48   74   41
  48   75   26
  48   76   32
  48   77   22
  48   78   59
  48   79   74
  48   80   94
  48   81   73
  48   82   88
  48   83   55
  48   84   52
  48   85   39
  48   86   28
  48   87   50
  48   88   57
  48   89   56
  48   90   63
  48   91   70
  48   92   75
  48   93   41
  48   94   81
  48   95   42
  48   96   43
  48   97   42
  48   98   34
  48   99   37
  48  100   48
  48  101   31
  48  102   84
  48  103   44
  48  104   58
  48  105   30
  49   50   35
  49   51   37
  49   52   65
  49   53   78
  49   54   71
  49   55   50
  49   56   62
  49   57   60
  49   58   47
  49   59   22
  49   60   33
  49   61   47
  49   62   62
  49   63   82
  49   64   77
  49   65   46
  49   66   20
  49   67   48
  49   68   63
  49   69   53
  49   70   47
  49   71   47
  49   72   41
  49   73   27
  49   74   38
  49   75   24
  49   76   29
  49   77   19
  49   78   57
  49   79   71
  49   80   92
  49   81   70
  49   82   85
  49   83   54
  49   84   51
  49   85   36
  49   86   25
  49   87   48
  49   88   54
  49   89   53
  49   90   60
  49   91   67
  49   92   72
  49   93   39
  49   94   78
  49   95   39
  49   96   40
  49   97   39
  49   98   31
  49   99   34
  49  100   45
  49  101   28
  49  102   82
  49  103   42
  49  104   55
  49  105   28
  50   51    3
  50   52   41
  50   53   80
  50   54   73
  50   55   70
  50   56   71
  50   57   52
  50   58   32
  50   59   41
  50   60   24
  50   61   56
  50   62   58
  50   63   72
  50   64   63
  50   65   23
  50   66   30
  50   67   65
  50   68   77
  50   69   58
  50   70   45
  50   71   50
  50   72   59
  50   73   30
  50   74   32
  50   75   20
  50   76   52
  50   77   46
  50   78   28
  50   79   62
  50   80   78
  50   81   81
  50   82   79
  50   83   29
  50   84   20
  50   85   44
  50   86   38
  50   87   40
  50   88   54
  50   89   65
  50   90   73
  50   91   58
  50   92   59
  50   93   24
  50   94   90
  50   95   39
  50   96   49
  50   97   51
  50   98   51
  50   99   50
  50  100   58
  50  101   45
  50  102   66
  50  103   31
  50  104   47
  50  105   19
  51   52   38
  51   53   79
  51   54   72
  51   55   70
  51   56   70
  51   57   50
  51   58   30
  51   59   42
  51   60   23
  51   61   55
  51   62   56
  51   63   70
  51   64   61
  51   65   20
  51   66   31
  51   67   65
  51   68   76
  51   69   57
  51   70   43
  51   71   49
  51   72   60
  51   73   30
  51   74   31
  51   75   20
  51   76   53
  51   77   47
  51   78   26
  51   79   60
  51   80   76
  51   81   80
  51   82   77
  51   83   26
  51   84   17
  51   85   44
  51   86   38
  51   87   38
  51   88   53
  51   89   64
  51   90   73
  51   91   56
  51   92   56
  51   93   23
  51   94   90
  51   95   38
  51   96   49
  51   97   51
  51   98   51
  51   99   50
  51  100   57
  51  101   45
  51  102   64
  51  103   29
  51  104   46
  51  105   18
  52   53   57
  52   54   52
  52   55   71
  52   56   59
  52   57   27
  52   58   19
  52   59   55
  52   60   32
  52   61   49
  52   62   34
  52   63   37
  52   64   26
  52   65   20
  52   66   47
  52   67   64
  52   68   68
  52   69   46
  52   70   33
  52   71   40
  52   72   62
  52   73   41
  52   74   30
  52   75   41
  52   76   64
  52   77   64
  52   78   15
  52   79   31
  52   80   40
  52   81   67
  52   82   47
  52   83   13
  52   84   23
  52   85   45
  52   86   49
  52   87   25
  52   88   38
  52   89   57
  52   90   65
  52   91   28
  52   92   23
  52   93   26
  52   94   76
  52   95   35
  52   96   47
  52   97   51
  52   98   59
  52   99   55
  52  100   55
  52  101   54
  52  102   27
  52  103   25
  52  104   26
  52  105   36
  53   54    7
  53   55   42
  53   56   20
  53   57   30
  53   58   50
  53   59   57
  53   60   56
  53   61   31
  53   62   23
  53   63   27
  53   64   35
  53   65   61
  53   66   60
  53   67   38
  53   68   27
  53   69   25
  53   70   36
  53   71   32
  53   72   43
  53   73   55
  53   74   48
  53   75   64
  53   76   55
  53   77   64
  53   78   68
  53   79   27
  53   80   37
  53   81   19
  53   82   19
  53   83   61
  53   84   73
  53   85   42
  53   86   53
  53   87   41
  53   88   26
  53   89   28
  53   90   28
  53   91   28
  53   92   36
  53   93   56
  53   94   25
  53   95   42
  53   96   38
  53   97   40
  53   98   51
  53   99   46
  53  100   35
  53  101   51
  53  102   40
  53  103   50
  53  104   34
  53  105   63
  54   55   38
  54   56   15
  54   57   25
  54   58   44
  54   59   50
  54   60   49
  54   61   24
  54   62   18
  54   63   27
  54   64   33
  54   65   55
  54   66   53
  54   67   33
  54   68   24
  54   69   18
  54   70   29
  54   71   25
  54   72   37
  54   73   48
  54   74   41
  54   75   57
  54   76   49
  54   77   57
  54   78   62
  54   79   23
  54   80   38
  54   81   18
  54   82   21
  54   83   56
  54   84   67
  54   85   35
  54   86   47
  54   87   34
  54   88   20
  54   89   23
  54   90   24
  54   91   24
  54   92   32
  54   93   49
  54   94   26
  54   95   35
  54   96   31
  54   97   33
  54   98   44
  54   99   39
  54  100   29
  54  101   44
  54  102   38
  54  103   43
  54  104   28
  54  105   56
  55   56   23
  55   57   47
  55   58   54
  55   59   30
  55   60   49
  55   61   22
  55   62   43
  55   63   62
  55   64   64
  55   65   62
  55   66   40
  55   67    7
  55   68   17
  55   69   27
  55   70   37
  55   71   31
  55   72   11
  55   73   41
  55   74   44
  55   75   50
  55   76   21
  55   77   31
  55   78   74
  55   79   54
  55   80   73
  55   81   26
  55   82   59
  55   83   67
  55   84   74
  55   85   28
  55   86   33
  55   87   46
  55   88   35
  55   89   16
  55   90   15
  55   91   52
  55   92   61
  55   93   53
  55   94   30
  55   95   37
  55   96   24
  55   97   21
  55   98   20
  55   99   20
  55  100   16
  55  101   25
  55  102   70
  55  103   49
  55  104   46
  55  105   52
  56   57   32
  56   58   46
  56   59   40
  56   60   47
  56   61   16
  56   62   25
  56   63   41
  56   64   45
  56   65   57
  56   66   46
  56   67   18
  56   68   10
  56   69   14
  56   70   28
  56   71   22
  56   72   24
  56   73   43
  56   74   40
  56   75   53
  56   76   36
  56   77   46
  56   78   66
  56   79   35
  56   80   52
  56   81    9
  56   82   36
  56   83   59
  56   84   69
  56   85   28
  56   86   38
  56   87   36
  56   88   21
  56   89    9
  56   90    9
  56   91   34
  56   92   43
  56   93   49
  56   94   19
  56   95   32
  56   96   23
  56   97   23
  56   98   33
  56   99   28
  56  100   17
  56  101   34
  56  102   51
  56  103   43
  56  104   33
  56  105   53
  57   58   21
  57   59   42
  57   60   30
  57   61   25
  57   62    7
  57   63   22
  57   64   18
  57   65   32
  57   66   40
  57   67   40
  57   68   41
  57   69   20
  57   70   14
  57   71   17
  57   72   41
  57   73   34
  57   74   23
  57   75   40
  57   76   47
  57   77   52
  57   78   38
  57   79   11
  57   80   32
  57   81   39
  57   82   27
  57   83   31
  57   84   42
  57   85   28
  57   86   37
  57   87   13
  57   88   12
  57   89   32
  57   90   39
  57   91    7
  57   92   14
  57   93   28
  57   94   49
  57   95   21
  57   96   27
  57   97   31
  57   98   42
  57   99   37
  57  100   32
  57  101   38
  57  102   24
  57  103   22
  57  104    5
  57  105   37
  58   59   36
  58   60   14
  58   61   34
  58   62   27
  58   63   40
  58   64   32
  58   65   11
  58   66   29
  58   67   47
  58   68   54
  58   69   32
  58   70   18
  58   71   25
  58   72   45
  58   73   22
  58   74   11
  58   75   24
  58   76   45
  58   77   46
  58   78   21
  58   79   30
  58   80   47
  58   81   55
  58   82   47
  58   83   13
  58   84   23
  58   85   27
  58   86   30
  58   87   10
  58   88   25
  58   89   43
  58   90   51
  58   91   26
  58   92   27
  58   93    9
  58   94   65
  58   95   17
  58   96   30
  58   97   34
  58   98   41
  58   99   37
  58  100   38
  58  101   35
  58  102   36
  58  103    6
  58  104   16
  58  105   20
  59   60   25
  59   61   25
  59   62   43
  59   63   64
  59   64   60
  59   65   40
  59   66   11
  59   67   27
  59   68   41
  59   69   32
  59   70   28
  59   71   27
  59   72   20
  59   73   15
  59   74   25
  59   75   22
  59   76   11
  59   77    9
  59   78   53
  59   79   53
  59   80   74
  59   81   48
  59   82   65
  59   83   47
  59   84   50
  59   85   15
  59   86    6
  59   87   33
  59   88   34
  59   89   31
  59   90   38
  59   91   50
  59   92   56
  59   93   31
  59   94   56
  59   95   22
  59   96   19
  59   97   17
  59   98   10
  59   99   12
  59  100   23
  59  101    6
  59  102   66
  59  103   30
  59  104   38
  59  105   25
  60   61   32
  60   62   35
  60   63   52
  60   64   45
  60   65   15
  60   66   16
  60   67   43
  60   68   53
  60   69   34
  60   70   21
  60   71   25
  60   72   38
  60   73   10
  60   74    8
  60   75   10
  60   76   35
  60   77   33
  60   78   28
  60   79   41
  60   80   60
  60   81   57
  60   82   57
  60   83   22
  60   84   25
  60   85   21
  60   86   19
  60   87   17
  60   88   30
  60   89   41
  60   90   50
  60   91   37
  60   92   40
  60   93    6
  60   94   66
  60   95   15
  60   96   26
  60   97   29
  60   98   32
  60   99   30
  60  100   35
  60  101   26
  60  102   49
  60  103    9
  60  104   25
  60  105    7
  61   62   22
  61   63   43
  61   64   43
  61   65   43
  61   66   30
  61   67   15
  61   68   21
  61   69    7
  61   70   16
  61   71    9
  61   72   16
  61   73   27
  61   74   25
  61   75   37
  61   76   25
  61   77   33
  61   78   54
  61   79   34
  61   80   54
  61   81   25
  61   82   42
  61   83   47
  61   84   55
  61   85   12
  61   86   23
  61   87   24
  61   88   14
  61   89    9
  61   90   18
  61   91   31
  61   92   40
  61   93   35
  61   94   34
  61   95   18
  61   96    7
  61   97    9
  61   98   20
  61   99   15
  61  100    6
  61  101   20
  61  102   49
  61  103   29
  61  104   24
  61  105   37
  62   63   21
  62   64   21
  62   65   38
  62   66   43
  62   67   36
  62   68   35
  62   69   16
  62   70   16
  62   71   16
  62   72   38
  62   73   36
  62   74   27
  62   75   44
  62   76   46
  62   77   52
  62   78   45
  62   79   11
  62   80   32
  62   81   33
  62   82   23
  62   83   38
  62   84   49
  62   85   28
  62   86   38
  62   87   18
  62   88    9
  62   89   27
  62   90   33
  62   91    9
  62   92   18
  62   93   34
  62   94   42
  62   95   23
  62   96   25
  62   97   29
  62   98   41
  62   99   35
  62  100   29
  62  101   38
  62  102   27
  62  103   27
  62  104   11
  62  105   42
  63   64   11
  63   65   50
  63   66   63
  63   67   56
  63   68   51
  63   69   36
  63   70   36
  63   71   37
  63   72   59
  63   73   56
  63   74   45
  63   75   62
  63   76   67
  63   77   73
  63   78   52
  63   79   11
  63   80   11
  63   81   45
  63   82   11
  63   83   47
  63   84   59
  63   85   49
  63   86   59
  63   87   35
  63   88   30
  63   89   46
  63   90   50
  63   91   15
  63   92   14
  63   93   49
  63   94   52
  63   95   43
  63   96   47
  63   97   50
  63   98   62
  63   99   57
  63  100   49
  63  101   59
  63  102   14
  63  103   43
  63  104   27
  63  105   59
  64   65   40
  64   66   57
  64   67   57
  64   68   55
  64   69   36
  64   70   32
  64   71   35
  64   72   58
  64   73   50
  64   74   38
  64   75   55
  64   76   65
  64   77   70
  64   78   41
  64   79   10
  64   80   16
  64   81   51
  64   82   21
  64   83   36
  64   84   48
  64   85   46
  64   86   54
  64   87   29
  64   88   29
  64   89   48
  64   90   53
  64   91   12
  64   92    4
  64   93   40
  64   94   59
  64   95   38
  64   96   45
  64   97   49
  64   98   60
  64   99   55
  64  100   49
  64  101   56
  64  102    6
  64  103   36
  64  104   22
  64  105   51
  65   66   30
  65   67   56
  65   68   64
  65   69   42
  65   70   28
  65   71   35
  65   72   52
  65   73   25
  65   74   18
  65   75   22
  65   76   50
  65   77   48
  65   78   13
  65   79   40
  65   80   56
  65   81   66
  65   82   58
  65   83    8
  65   84   12
  65   85   35
  65   86   34
  65   87   21
  65   88   36
  65   89   52
  65   90   61
  65   91   36
  65   92   36
  65   93    9
  65   94   76
  65   95   26
  65   96   38
  65   97   42
  65   98   47
  65   99   44
  65  100   47
  65  101   40
  65  102   43
  65  103   14
  65  104   27
  65  105   17
  66   67   36
  66   68   49
  66   69   35
  66   70   27
  66   71   28
  66   72   30
  66   73    7
  66   74   19
  66   75   11
  66   76   22
  66   77   18
  66   78   43
  66   79   51
  66   80   72
  66   81   55
  66   82   66
  66   83   38
  66   84   39
  66   85   18
  66   86    8
  66   87   28
  66   88   35
  66   89   38
  66   90   46
  66   91   48
  66   92   53
  66   93   22
  66   94   64
  66   95   20
  66   96   23
  66   97   23
  66   98   21
  66   99   21
  66  100   30
  66  101   15
  66  102   62
  66  103   23
  66  104   36
  66  105   14
  67   68   15
  67   69   21
  67   70   30
  67   71   24
  67   72    7
  67   73   35
  67   74   38
  67   75   45
  67   76   20
  67   77   30
  67   78   68
  67   79   47
  67   80   67
  67   81   24
  67   82   53
  67   83   61
  67   84   68
  67   85   22
  67   86   28
  67   87   39
  67   88   28
  67   89   10
  67   90   12
  67   91   45
  67   92   54
  67   93   47
  67   94   30
  67   95   30
  67   96   17
  67   97   14
  67   98   17
  67   99   15
  67  100    9
  67  101   21
  67  102   63
  67  103   43
  67  104   39
  67  105   47
  68   69   22
  68   70   36
  68   71   29
  68   72   22
  68   73   47
  68   74   47
  68   75   57
  68   76   35
  68   77   45
  68   78   75
  68   79   45
  68   80   62
  68   81    9
  68   82   45
  68   83   67
  68   84   76
  68   85   32
  68   86   41
  68   87   44
  68   88   30
  68   89   12
  68   90    4
  68   91   44
  68   92   53
  68   93   56
  68   94   15
  68   95   39
  68   96   27
  68   97   26
  68   98   32
  68   99   29
  68  100   19
  68  101   35
  68  102   61
  68  103   50
  68  104   42
  68  105   58
  69   70   14
  69   71    8
  69   72   22
  69   73   30
  69   74   26
  69   75   40
  69   76   32
  69   77   39
  69   78   52
  69   79   27
  69   80   47
  69   81   23
  69   82   35
  69   83   45
  69   84   54
  69   85   17
  69   86   28
  69   87   22
  69   88    8
  69   89   12
  69   90   19
  69   91   25
  69   92   34
  69   93   35
  69   94   33
  69   95   19
  69   96   13
  69   97   15
  69   98   27
  69   99   22
  69  100   13
  69  101   26
  69  102   43
  69  103   29
  69  104   20
  69  105   40
  70   71    7
  70   72   29
  70   73   21
  70   74   13
  70   75   29
  70   76   34
  70   77   38
  70   78   39
  70   79   25
  70   80   46
  70   81   38
  70   82   39
  70   83   31
  70   84   40
  70   85   14
  70   86   23
  70   87    9
  70   88    9
  70   89   25
  70   90   33
  70   91   21
  70   92   28
  70   93   21
  70   94   47
  70   95    7
  70   96   14
  70   97   18
  70   98   29
  70   99   23
  70  100   21
  70  101   24
  70  102   38
  70  103   15
  70  104   10
  70  105   27
  71   72   24
  71   73   23
  71   74   18
  71   75   33
  71   76   30
  71   77   36
  71   78   45
  71   79   27
  71   80   48
  71   81   31
  71   82   38
  71   83   38
  71   84   47
  71   85   12
  71   86   22
  71   87   15
  71   88    7
  71   89   18
  71   90   26
  71   91   24
  71   92   32
  71   93   27
  71   94   41
  71   95   11
  71   96    9
  71   97   13
  71   98   25
  71   99   19
  71  100   15
  71  101   22
  71  102   42
  71  103   21
  71  104   15
  71  105   32
  72   73   30
  72   74   34
  72   75   40
  72   76   13
  72   77   23
  72   78   65
  72   79   49
  72   80   70
  72   81   30
  72   82   57
  72   83   58
  72   84   64
  72   85   18
  72   86   22
  72   87   37
  72   88   29
  72   89   15
  72   90   19
  72   91   47
  72   92   55
  72   93   43
  72   94   37
  72   95   27
  72   96   15
  72   97   11
  72   98   10
  72   99    9
  72  100    9
  72  101   15
  72  102   65
  72  103   39
  72  104   39
  72  105   41
  73   74   12
  73   75   10
  73   76   25
  73   77   24
  73   78   38
  73   79   45
  73   80   65
  73   81   52
  73   82   59
  73   83   32
  73   84   35
  73   85   15
  73   86    9
  73   87   21
  73   88   29
  73   89   35
  73   90   44
  73   91   41
  73   92   46
  73   93   16
  73   94   61
  73   95   13
  73   96   20
  73   97   21
  73   98   22
  73   99   21
  73  100   28
  73  101   16
  73  102   55
  73  103   16
  73  104   29
  73  105   11
  74   75   17
  74   76   34
  74   77   35
  74   78   30
  74   79   34
  74   80   54
  74   81   49
  74   82   50
  74   83   23
  74   84   30
  74   85   17
  74   86   19
  74   87   10
  74   88   22
  74   89   35
  74   90   43
  74   91   30
  74   92   34
  74   93    9
  74   94   59
  74   95    8
  74   96   21
  74   97   24
  74   98   30
  74   99   26
  74  100   29
  74  101   24
  74  102   43
  74  103    5
  74  104   18
  74  105   15
  75   76   33
  75   77   28
  75   78   34
  75   79   51
  75   80   71
  75   81   62
  75   82   67
  75   83   30
  75   84   29
  75   85   25
  75   86   18
  75   87   27
  75   88   38
  75   89   46
  75   90   54
  75   91   47
  75   92   51
  75   93   16
  75   94   72
  75   95   22
  75   96   30
  75   97   32
  75   98   31
  75   99   30
  75  100   38
  75  101   25
  75  102   60
  75  103   19
  75  104   35
  75  105    4
  76   77   10
  76   78   63
  76   79   57
  76   80   78
  76   81   43
  76   82   67
  76   83   57
  76   84   60
  76   85   20
  76   86   16
  76   87   40
  76   88   37
  76   89   27
  76   90   32
  76   91   54
  76   92   61
  76   93   41
  76   94   50
  76   95   29
  76   96   21
  76   97   17
  76   98    5
  76   99   11
  76  100   20
  76  101   10
  76  102   71
  76  103   39
  76  104   44
  76  105   36
  77   78   61
  77   79   62
  77   80   83
  77   81   53
  77   82   74
  77   83   56
  77   84   57
  77   85   24
  77   86   16
  77   87   42
  77   88   43
  77   89   36
  77   90   42
  77   91   59
  77   92   65
  77   93   40
  77   94   60
  77   95   32
  77   96   27
  77   97   24
  77   98   13
  77   99   18
  77  100   29
  77  101   14
  77  102   75
  77  103   39
  77  104   48
  77  105   32
  78   79   44
  78   80   55
  78   81   75
  78   82   61
  78   83    7
  78   84    9
  78   85   47
  78   86   47
  78   87   30
  78   88   45
  78   89   63
  78   90   71
  78   91   41
  78   92   37
  78   93   22
  78   94   85
  78   95   37
  78   96   50
  78   97   54
  78   98   60
  78   99   56
  78  100   59
  78  101   53
  78  102   42
  78  103   25
  78  104   35
  78  105   30
  79   80   21
  79   81   41
  79   82   17
  79   83   38
  79   84   50
  79   85   38
  79   86   48
  79   87   24
  79   88   20
  79   89   38
  79   90   43
  79   91    4
  79   92    9
  79   93   38
  79   94   49
  79   95   32
  79   96   36
  79   97   40
  79   98   52
  79   99   46
  79  100   40
  79  101   49
  79  102   16
  79  103   33
  79  104   16
  79  105   48
  80   81   55
  80   82   18
  80   83   51
  80   84   63
  80   85   59
  80   86   69
  80   87   44
  80   88   41
  80   89   57
  80   90   61
  80   91   25
  80   92   20
  80   93   56
  80   94   62
  80   95   53
  80   96   57
  80   97   61
  80   98   73
  80   99   67
  80  100   60
  80  101   70
  80  102   13
  80  103   51
  80  104   37
  80  105   67
  81   82   38
  81   83   68
  81   84   78
  81   85   37
  81   86   47
  81   87   45
  81   88   30
  81   89   17
  81   90   11
  81   91   41
  81   92   49
  81   93   58
  81   94   10
  81   95   42
  81   96   32
  81   97   32
  81   98   40
  81   99   36
  81  100   25
  81  101   42
  81  102   56
  81  103   52
  81  104   41
  81  105   62
  82   83   55
  82   84   67
  82   85   50
  82   86   61
  82   87   40
  82   88   31
  82   89   43
  82   90   45
  82   91   21
  82   92   24
  82   93   55
  82   94   44
  82   95   46
  82   96   47
  82   97   50
  82   98   62
  82   99   56
  82  100   47
  82  101   60
  82  102   24
  82  103   49
  82  104   32
  82  105   64
  83   84   12
  83   85   40
  83   86   41
  83   87   23
  83   88   38
  83   89   56
  83   90   64
  83   91   35
  83   92   32
  83   93   16
  83   94   78
  83   95   30
  83   96   43
  83   97   47
  83   98   53
  83   99   50
  83  100   52
  83  101   47
  83  102   38
  83  103   18
  83  104   28
  83  105   25
  84   85   46
  84   86   44
  84   87   33
  84   88   48
  84   89   64
  84   90   73
  84   91   46
  84   92   44
  84   93   21
  84   94   88
  84   95   37
  84   96   50
  84   97   53
  84   98   57
  84   99   55
  84  100   59
  84  101   51
  84  102   50
  84  103   26
  84  104   39
  84  105   25
  85   86   11
  85   87   20
  85   88   19
  85   89   21
  85   90   29
  85   91   35
  85   92   42
  85   93   25
  85   94   47
  85   95   10
  85   96    5
  85   97    7
  85   98   15
  85   99   10
  85  100   13
  85  101   11
  85  102   52
  85  103   22
  85  104   24
  85  105   26
  86   87   27
  86   88   30
  86   89   30
  86   90   38
  86   91   44
  86   92   50
  86   93   25
  86   94   56
  86   95   16
  86   96   16
  86   97   16
  86   98   13
  86   99   13
  86  100   22
  86  101    7
  86  102   60
  86  103   24
  86  104   33
  86  105   20
  87   88   16
  87   89   33
  87   90   41
  87   91   20
  87   92   24
  87   93   15
  87   94   55
  87   95   11
  87   96   22
  87   97   26
  87   98   35
  87   99   30
  87  100   30
  87  101   30
  87  102   34
  87  103    9
  87  104    8
  87  105   24
  88   89   20
  88   90   27
  88   91   17
  88   92   26
  88   93   30
  88   94   40
  88   95   16
  88   96   16
  88   97   20
  88   98   32
  88   99   26
  88  100   20
  88  101   29
  88  102   35
  88  103   24
  88  104   12
  88  105   36
  89   90    8
  89   91   36
  89   92   45
  89   93   44
  89   94   26
  89   95   27
  89   96   15
  89   97   15
  89   98   23
  89   99   19
  89  100    8
  89  101   25
  89  102   54
  89  103   39
  89  104   32
  89  105   46
  90   91   42
  90   92   51
  90   93   52
  90   94   18
  90   95   35
  90   96   24
  90   97   22
  90   98   29
  90   99   26
  90  100   16
  90  101   32
  90  102   59
  90  103   47
  90  104   39
  90  105   54
  91   92    9
  91   93   34
  91   94   50
  91   95   28
  91   96   33
  91   97   37
  91   98   49
  91   99   43
  91  100   37
  91  101   45
  91  102   18
  91  103   28
  91  104   12
  91  105   44
  92   93   36
  92   94   58
  92   95   34
  92   96   41
  92   97   45
  92   98   56
  92   99   51
  92  100   46
  92  101   52
  92  102   10
  92  103   31
  92  104   18
  92  105   47
  93   94   68
  93   95   17
  93   96   30
  93   97   33
  93   98   37
  93   99   34
  93  100   38
  93  101   31
  93  102   45
  93  103    6
  93  104   23
  93  105   11
  94   95   52
  94   96   41
  94   97   40
  94   98   47
  94   99   44
  94  100   34
  94  101   50
  94  102   64
  94  103   62
  94  104   51
  94  105   72
  95   96   13
  95   97   16
  95   98   25
  95   99   20
  95  100   21
  95  101   19
  95  102   44
  95  103   12
  95  104   16
  95  105   21
  96   97    4
  96   98   16
  96   99   10
  96  100    9
  96  101   13
  96  102   51
  96  103   25
  96  104   24
  96  105   31
  97   98   12
  97   99    6
  97  100    7
  97  101   11
  97  102   55
  97  103   28
  97  104   28
  97  105   33
  98   99    6
  98  100   16
  98  101    6
  98  102   66
  98  103   35
  98  104   39
  98  105   34
  99  100   11
  99  101    6
  99  102   61
  99  103   31
  99  104   34
  99  105   32
 100  101   17
 100  102   55
 100  103   34
 100  104   30
 100  105   39
 101  102   62
 101  103   29
 101  104   35
 101  105   27
 102  103   40
 102  104   28
 102  105   56
 103  104   17
 103  105   16
 104  105   32
