
Namespace(instance='/home1/hot11904657/HOTWS22/Assignment1/tsp_instances/00_batch_1_2/00_test.txt', instance_check_necessary_constraints=False, path_to_repository='/home1/hot11904657/HOTWS22/Assignment1/', perform_hyper_parameter_tuning=False, perform_hyper_parameter_tuning_for_initialization_procedure=True, preload_starting_solutions_from_path=None, subparser_name='6')
[INFO][2022-12-31 11:56:54,773] /home1/hot11904657/HOTWS22/Assignment1/tsp_instances/00_batch_1_2/00_test.txt
---Starting HPT
>>>RACE-ITERATION-0
>>>CURRENT-CONFIGURATIONS:288
>>>CURRENT-INSTANCE:rand_test_2
>>>CURRENT-TIME:20221231:11:57:12
FriedmanchisquareResult(statistic=2851.200490196079, pvalue=0.0)
     0    1    2    3    4    5    6    ...  281  282  283  284  285  286  287
0    1.0  0.9  0.9  0.9  0.9  0.9  0.9  ...  0.9  0.9  0.9  0.9  0.9  0.9  0.9
1    0.9  1.0  0.9  0.9  0.9  0.9  0.9  ...  0.9  0.9  0.9  0.9  0.9  0.9  0.9
2    0.9  0.9  1.0  0.9  0.9  0.9  0.9  ...  0.9  0.9  0.9  0.9  0.9  0.9  0.9
3    0.9  0.9  0.9  1.0  0.9  0.9  0.9  ...  0.9  0.9  0.9  0.9  0.9  0.9  0.9
4    0.9  0.9  0.9  0.9  1.0  0.9  0.9  ...  0.9  0.9  0.9  0.9  0.9  0.9  0.9
..   ...  ...  ...  ...  ...  ...  ...  ...  ...  ...  ...  ...  ...  ...  ...
283  0.9  0.9  0.9  0.9  0.9  0.9  0.9  ...  0.9  0.9  1.0  0.9  0.9  0.9  0.9
284  0.9  0.9  0.9  0.9  0.9  0.9  0.9  ...  0.9  0.9  0.9  1.0  0.9  0.9  0.9
285  0.9  0.9  0.9  0.9  0.9  0.9  0.9  ...  0.9  0.9  0.9  0.9  1.0  0.9  0.9
286  0.9  0.9  0.9  0.9  0.9  0.9  0.9  ...  0.9  0.9  0.9  0.9  0.9  1.0  0.9
287  0.9  0.9  0.9  0.9  0.9  0.9  0.9  ...  0.9  0.9  0.9  0.9  0.9  0.9  1.0

[288 rows x 288 columns]
[287, 286, 285, 284, 283, 282, 281, 280, 279, 278, 277, 276, 250, 249, 241, 240, 239, 238, 237, 236, 235, 234, 233, 232, 231, 230, 229, 228, 202, 191, 190, 189, 188, 187, 186, 185, 184, 183, 182, 181, 180, 155, 154, 153, 152, 151, 150, 149, 148, 147, 146, 145, 144, 143, 142, 141, 140, 139, 138, 137, 136, 135, 134, 133, 132, 106, 95, 94, 93, 92, 91, 90, 89, 88, 87, 86, 85, 84, 47, 46, 45, 44, 43, 42, 41, 40, 39, 38, 37, 36, 11, 10, 9, 8, 7, 6, 5, 4, 3, 2, 1, 0]
>>>RACE-ITERATION-1
>>>CURRENT-CONFIGURATIONS:186
>>>CURRENT-INSTANCE:rand_test_6
>>>CURRENT-TIME:20230101:05:20:08
FriedmanchisquareResult(statistic=1806.9070208728663, pvalue=1.0827815922369666e-263)
     0    1    2    3    4    5    6    ...  179  180  181  182  183  184  185
0    1.0  0.9  0.9  0.9  0.9  0.9  0.9  ...  0.9  0.9  0.9  0.9  0.9  0.9  0.9
1    0.9  1.0  0.9  0.9  0.9  0.9  0.9  ...  0.9  0.9  0.9  0.9  0.9  0.9  0.9
2    0.9  0.9  1.0  0.9  0.9  0.9  0.9  ...  0.9  0.9  0.9  0.9  0.9  0.9  0.9
3    0.9  0.9  0.9  1.0  0.9  0.9  0.9  ...  0.9  0.9  0.9  0.9  0.9  0.9  0.9
4    0.9  0.9  0.9  0.9  1.0  0.9  0.9  ...  0.9  0.9  0.9  0.9  0.9  0.9  0.9
..   ...  ...  ...  ...  ...  ...  ...  ...  ...  ...  ...  ...  ...  ...  ...
181  0.9  0.9  0.9  0.9  0.9  0.9  0.9  ...  0.9  0.9  1.0  0.9  0.9  0.9  0.9
182  0.9  0.9  0.9  0.9  0.9  0.9  0.9  ...  0.9  0.9  0.9  1.0  0.9  0.9  0.9
183  0.9  0.9  0.9  0.9  0.9  0.9  0.9  ...  0.9  0.9  0.9  0.9  1.0  0.9  0.9
184  0.9  0.9  0.9  0.9  0.9  0.9  0.9  ...  0.9  0.9  0.9  0.9  0.9  1.0  0.9
185  0.9  0.9  0.9  0.9  0.9  0.9  0.9  ...  0.9  0.9  0.9  0.9  0.9  0.9  1.0

[186 rows x 186 columns]
[173, 172, 171, 170, 169, 168, 167, 166, 165, 164, 163, 162, 161, 160, 159, 158, 157, 156, 155, 154, 129, 128, 127, 126, 125, 124, 123, 122, 121, 120, 119, 82, 81, 80, 79, 78, 77, 76, 75, 74, 73, 72, 71, 70, 69, 68, 67, 66, 65, 64, 63, 62, 61, 60, 35, 34, 33, 32, 31, 30, 29, 28, 27, 26, 25, 24]
>>>RACE-ITERATION-2
>>>CURRENT-CONFIGURATIONS:120
>>>CURRENT-INSTANCE:rand_test_11
>>>CURRENT-TIME:20230101:16:51:09
FriedmanchisquareResult(statistic=1102.9401652892566, pvalue=4.693971981024356e-159)
          0         1         2    3    ...       116       117       118       119
0    1.000000  0.900000  0.900000  0.9  ...  0.718904  0.634009  0.549119  0.223256
1    0.900000  1.000000  0.900000  0.9  ...  0.671151  0.586259  0.501364  0.187346
2    0.900000  0.900000  1.000000  0.9  ...  0.460609  0.362553  0.276800  0.081546
3    0.900000  0.900000  0.900000  1.0  ...  0.900000  0.900000  0.900000  0.900000
4    0.900000  0.900000  0.900000  0.9  ...  0.900000  0.900000  0.900000  0.900000
..        ...       ...       ...  ...  ...       ...       ...       ...       ...
115  0.570342  0.522590  0.296485  0.9  ...  0.900000  0.900000  0.900000  0.900000
116  0.718904  0.671151  0.460609  0.9  ...  1.000000  0.900000  0.900000  0.900000
117  0.634009  0.586259  0.362553  0.9  ...  0.900000  1.000000  0.900000  0.900000
118  0.549119  0.501364  0.276800  0.9  ...  0.900000  0.900000  1.000000  0.900000
119  0.223256  0.187346  0.081546  0.9  ...  0.900000  0.900000  0.900000  1.000000

[120 rows x 120 columns]
[119, 118, 117, 116, 115, 114, 113, 112, 111, 110, 109, 108, 95, 94, 93, 92, 91, 90, 89, 88, 87, 86, 85, 84, 68, 67, 66, 59, 58, 57, 56, 55, 54, 53, 52, 51, 50, 49, 48, 35, 34, 33, 31, 30, 29, 28, 27, 26, 25, 24, 8, 7, 6]
>>>RACE-ITERATION-3
>>>CURRENT-CONFIGURATIONS:67
>>>CURRENT-INSTANCE:rand_test_8
>>>CURRENT-TIME:20230102:00:22:10
FriedmanchisquareResult(statistic=461.60228270412654, pvalue=1.0770905738782902e-60)
          0    1    2         3         4   ...   62   63   64   65   66
0   1.000000  0.9  0.9  0.374338  0.763836  ...  0.9  0.9  0.9  0.9  0.9
1   0.900000  1.0  0.9  0.900000  0.900000  ...  0.9  0.9  0.9  0.9  0.9
2   0.900000  0.9  1.0  0.900000  0.900000  ...  0.9  0.9  0.9  0.9  0.9
3   0.374338  0.9  0.9  1.000000  0.900000  ...  0.9  0.9  0.9  0.9  0.9
4   0.763836  0.9  0.9  0.900000  1.000000  ...  0.9  0.9  0.9  0.9  0.9
..       ...  ...  ...       ...       ...  ...  ...  ...  ...  ...  ...
62  0.900000  0.9  0.9  0.900000  0.900000  ...  1.0  0.9  0.9  0.9  0.9
63  0.900000  0.9  0.9  0.900000  0.900000  ...  0.9  1.0  0.9  0.9  0.9
64  0.900000  0.9  0.9  0.900000  0.900000  ...  0.9  0.9  1.0  0.9  0.9
65  0.900000  0.9  0.9  0.900000  0.900000  ...  0.9  0.9  0.9  1.0  0.9
66  0.900000  0.9  0.9  0.900000  0.900000  ...  0.9  0.9  0.9  0.9  1.0

[67 rows x 67 columns]
[54, 53, 52, 51, 50, 49, 42, 41, 40, 39, 38, 37, 21, 17, 16, 15, 8, 7, 6, 5, 4, 3]
>>>RACE-ITERATION-4
>>>CURRENT-CONFIGURATIONS:45
>>>CURRENT-INSTANCE:rand_test_14
>>>CURRENT-TIME:20230102:04:21:51
FriedmanchisquareResult(statistic=383.9547826086955, pvalue=8.226019636718859e-56)
          0         1         2   ...        42        43        44
0   1.000000  0.900000  0.900000  ...  0.018745  0.114880  0.017520
1   0.900000  1.000000  0.900000  ...  0.087497  0.353182  0.083359
2   0.900000  0.900000  1.000000  ...  0.504233  0.858808  0.492324
3   0.900000  0.900000  0.900000  ...  0.014252  0.091479  0.013294
4   0.900000  0.900000  0.900000  ...  0.132173  0.467066  0.125404
5   0.900000  0.900000  0.900000  ...  0.255761  0.634246  0.244847
6   0.900000  0.900000  0.900000  ...  0.004456  0.036025  0.004129
7   0.900000  0.900000  0.900000  ...  0.006020  0.046055  0.005587
8   0.900000  0.900000  0.900000  ...  0.003542  0.029710  0.003280
9   0.900000  0.900000  0.900000  ...  0.425776  0.787892  0.411345
10  0.900000  0.900000  0.900000  ...  0.205426  0.575149  0.196031
11  0.900000  0.900000  0.900000  ...  0.740616  0.900000  0.728797
12  0.492324  0.787892  0.900000  ...  0.900000  0.900000  0.900000
13  0.301889  0.622425  0.900000  ...  0.900000  0.900000  0.900000
14  0.196031  0.504233  0.900000  ...  0.900000  0.900000  0.900000
15  0.001000  0.002804  0.048847  ...  0.900000  0.900000  0.900000
16  0.014252  0.070281  0.453713  ...  0.900000  0.900000  0.900000
17  0.001071  0.007508  0.102647  ...  0.900000  0.900000  0.900000
18  0.001000  0.001000  0.013294  ...  0.900000  0.900000  0.900000
19  0.001000  0.003824  0.062373  ...  0.900000  0.900000  0.900000
20  0.001000  0.001741  0.033807  ...  0.900000  0.900000  0.900000
21  0.001000  0.001000  0.016365  ...  0.900000  0.900000  0.900000
22  0.001000  0.001000  0.013294  ...  0.900000  0.900000  0.900000
23  0.001000  0.001000  0.005184  ...  0.900000  0.900000  0.900000
24  0.900000  0.900000  0.900000  ...  0.367534  0.740616  0.353182
25  0.900000  0.900000  0.900000  ...  0.396743  0.764254  0.382095
26  0.900000  0.900000  0.900000  ...  0.186959  0.551510  0.178247
27  0.900000  0.900000  0.900000  ...  0.539692  0.894266  0.527874
28  0.900000  0.900000  0.900000  ...  0.235020  0.610604  0.224973
29  0.900000  0.900000  0.900000  ...  0.046055  0.224973  0.043378
30  0.900000  0.900000  0.900000  ...  0.001000  0.006482  0.001000
31  0.900000  0.900000  0.900000  ...  0.001000  0.005184  0.001000
32  0.900000  0.900000  0.900000  ...  0.001000  0.001367  0.001000
33  0.516054  0.811531  0.900000  ...  0.900000  0.900000  0.900000
34  0.439927  0.740616  0.900000  ...  0.900000  0.900000  0.900000
35  0.301889  0.622425  0.900000  ...  0.900000  0.900000  0.900000
36  0.091479  0.301889  0.811531  ...  0.900000  0.900000  0.900000
37  0.102647  0.325553  0.835171  ...  0.900000  0.900000  0.900000
38  0.301889  0.622425  0.900000  ...  0.900000  0.900000  0.900000
39  0.040811  0.162842  0.646065  ...  0.900000  0.900000  0.900000
40  0.244847  0.563329  0.900000  ...  0.900000  0.900000  0.900000
41  0.038360  0.154819  0.634246  ...  0.900000  0.900000  0.900000
42  0.018745  0.087497  0.504233  ...  1.000000  0.900000  0.900000
43  0.114880  0.353182  0.858808  ...  0.900000  1.000000  0.900000
44  0.017520  0.083359  0.492324  ...  0.900000  0.900000  1.000000

[45 rows x 45 columns]
[32, 31, 30, 29, 28, 27, 26, 25, 24, 11, 10, 9, 8, 7, 6, 5, 4, 3, 2, 1, 0]
>>>RACE-ITERATION-5
>>>CURRENT-CONFIGURATIONS:24
>>>CURRENT-INSTANCE:rand_test_9
>>>CURRENT-TIME:20230102:07:01:57
FriedmanchisquareResult(statistic=72.26800000000003, pvalue=5.403129822909406e-07)
          0         1         2   ...        21        22        23
0   1.000000  0.900000  0.900000  ...  0.900000  0.900000  0.900000
1   0.900000  1.000000  0.900000  ...  0.900000  0.900000  0.900000
2   0.900000  0.900000  1.000000  ...  0.900000  0.900000  0.900000
3   0.754459  0.900000  0.900000  ...  0.900000  0.900000  0.900000
4   0.900000  0.900000  0.900000  ...  0.900000  0.900000  0.900000
5   0.900000  0.900000  0.900000  ...  0.900000  0.900000  0.900000
6   0.900000  0.900000  0.900000  ...  0.900000  0.900000  0.900000
7   0.900000  0.900000  0.900000  ...  0.900000  0.900000  0.900000
8   0.900000  0.900000  0.900000  ...  0.900000  0.900000  0.900000
9   0.712163  0.900000  0.900000  ...  0.900000  0.900000  0.900000
10  0.036426  0.431752  0.606425  ...  0.669870  0.796754  0.881347
11  0.029104  0.382226  0.564130  ...  0.627571  0.754459  0.839049
12  0.900000  0.900000  0.900000  ...  0.900000  0.900000  0.900000
13  0.900000  0.900000  0.900000  ...  0.900000  0.900000  0.900000
14  0.900000  0.900000  0.900000  ...  0.900000  0.881347  0.796754
15  0.900000  0.900000  0.900000  ...  0.900000  0.900000  0.900000
16  0.900000  0.900000  0.900000  ...  0.900000  0.900000  0.900000
17  0.900000  0.900000  0.900000  ...  0.900000  0.900000  0.900000
18  0.900000  0.900000  0.900000  ...  0.900000  0.860197  0.775607
19  0.900000  0.900000  0.900000  ...  0.900000  0.900000  0.900000
20  0.900000  0.900000  0.900000  ...  0.900000  0.900000  0.900000
21  0.900000  0.900000  0.900000  ...  1.000000  0.900000  0.900000
22  0.900000  0.900000  0.900000  ...  0.900000  1.000000  0.900000
23  0.900000  0.900000  0.900000  ...  0.900000  0.900000  1.000000

[24 rows x 24 columns]
[20, 19, 18, 16, 14, 13, 0]
>>>RACE-ITERATION-6
>>>CURRENT-CONFIGURATIONS:17
>>>CURRENT-INSTANCE:rand_test_18
>>>CURRENT-TIME:20230102:08:30:04
FriedmanchisquareResult(statistic=122.85490196078433, pvalue=1.549042220105473e-18)
          0         1         2   ...        14        15        16
0   1.000000  0.900000  0.012647  ...  0.900000  0.900000  0.900000
1   0.900000  1.000000  0.067412  ...  0.900000  0.900000  0.900000
2   0.012647  0.067412  1.000000  ...  0.001000  0.001000  0.001169
3   0.007576  0.044081  0.900000  ...  0.001000  0.001000  0.001000
4   0.001000  0.007576  0.900000  ...  0.001000  0.001000  0.001000
5   0.012647  0.067412  0.900000  ...  0.001000  0.001000  0.001169
6   0.325420  0.658983  0.900000  ...  0.012647  0.014929  0.077207
7   0.325420  0.658983  0.900000  ...  0.012647  0.014929  0.077207
8   0.900000  0.900000  0.658983  ...  0.356565  0.389123  0.716655
9   0.900000  0.900000  0.270932  ...  0.745491  0.774324  0.900000
10  0.900000  0.900000  0.572477  ...  0.454561  0.485584  0.803159
11  0.900000  0.889666  0.001000  ...  0.900000  0.900000  0.900000
12  0.900000  0.900000  0.032813  ...  0.900000  0.900000  0.900000
13  0.900000  0.900000  0.032813  ...  0.900000  0.900000  0.900000
14  0.900000  0.900000  0.001000  ...  1.000000  0.900000  0.900000
15  0.900000  0.900000  0.001000  ...  0.900000  1.000000  0.900000
16  0.900000  0.900000  0.001169  ...  0.900000  0.900000  1.000000

[17 rows x 17 columns]
[16, 15, 14, 13, 12, 11, 1, 0]
>>>RACE-ITERATION-7
>>>CURRENT-CONFIGURATIONS:9
>>>CURRENT-INSTANCE:rand_test_15
>>>CURRENT-TIME:20230102:09:31:33
FriedmanchisquareResult(statistic=10.0, pvalue=0.2650259152973616)
>>>RACE-ITERATION-8
>>>CURRENT-CONFIGURATIONS:9
>>>CURRENT-INSTANCE:rand_test_17
>>>CURRENT-TIME:20230102:10:03:41
FriedmanchisquareResult(statistic=8.400000000000034, pvalue=0.395403369602353)
>>>RACE-ITERATION-9
>>>CURRENT-CONFIGURATIONS:9
>>>CURRENT-INSTANCE:rand_test_1
>>>CURRENT-TIME:20230102:10:36:11
FriedmanchisquareResult(statistic=34.56, pvalue=3.215075569013172e-05)
          0         1         2  ...         6         7         8
0  1.000000  0.710204  0.900000  ...  0.710204  0.710204  0.900000
1  0.710204  1.000000  0.900000  ...  0.900000  0.900000  0.900000
2  0.900000  0.900000  1.000000  ...  0.900000  0.900000  0.900000
3  0.002867  0.405206  0.079975  ...  0.405206  0.405206  0.122859
4  0.001473  0.301968  0.049862  ...  0.301968  0.301968  0.079975
5  0.003953  0.460015  0.099098  ...  0.460015  0.460015  0.149525
6  0.710204  0.900000  0.900000  ...  1.000000  0.900000  0.900000
7  0.710204  0.900000  0.900000  ...  0.900000  1.000000  0.900000
8  0.900000  0.900000  0.900000  ...  0.900000  0.900000  1.000000

[9 rows x 9 columns]
[5, 4, 3]
>>>RACE-ITERATION-10
>>>CURRENT-CONFIGURATIONS:6
>>>CURRENT-INSTANCE:rand_test_7
>>>CURRENT-TIME:20230102:11:08:42
FriedmanchisquareResult(statistic=36.457142857142856, pvalue=7.693953666978237e-07)
          0         1         2         3         4         5
0  1.000000  0.900000  0.900000  0.002897  0.033473  0.066144
1  0.900000  1.000000  0.900000  0.001000  0.010604  0.023200
2  0.900000  0.900000  1.000000  0.001000  0.006989  0.015819
3  0.002897  0.001000  0.001000  1.000000  0.900000  0.900000
4  0.033473  0.010604  0.006989  0.900000  1.000000  0.900000
5  0.066144  0.023200  0.015819  0.900000  0.900000  1.000000
[5, 4, 3]
>>>RACE-ITERATION-11
>>>CURRENT-CONFIGURATIONS:3
>>>CURRENT-INSTANCE:rand_test_11
>>>CURRENT-TIME:20230102:11:30:24
FriedmanchisquareResult(statistic=7.800000000000011, pvalue=0.020241911445804273)
          0         1         2
0  1.000000  0.759769  0.019949
1  0.759769  1.000000  0.109268
2  0.019949  0.109268  1.000000
[0]
[{'type': 'initialization', 'saw_policy': <search_algorithms.ga.constant_weights.Constant_Weights object at 0x14bba32b5f90>, 'termination_criterion': 0, 'random_k': 5, 'population_size': 100, 'show_output': False, 'alpha': 0.5, 'beta': -1, 'gamma': -0.5, 'delta': 0.5}, {'type': 'initialization', 'saw_policy': <search_algorithms.ga.constant_weights.Constant_Weights object at 0x14bba32b5f90>, 'termination_criterion': 0, 'random_k': 5, 'population_size': 100, 'show_output': False, 'alpha': 0.5, 'beta': -1, 'gamma': -0.5, 'delta': -0.5}]
