5 100 5565 240 16 10000
100000
100000
100000
100000
100000
100000
100 100
100 100
100 100
100 100
100 100
100 100
100 100
100 100
100 100
100 100
100 100
100 100
100 100
100 100
100 100
100 100
100 100
100 100
100 100
100 100
100 100
100 100
100 100
100 100
100 100
100 100
100 100
100 100
100 100
100 100
100 100
100 100
100 100
100 100
100 100
100 100
100 100
100 100
100 100
100 100
100 100
100 100
100 100
100 100
100 100
100 100
100 100
100 100
100 100
100 100
100 100
100 100
100 100
100 100
100 100
100 100
100 100
100 100
100 100
100 100
100 100
100 100
100 100
100 100
100 100
100 100
100 100
100 100
100 100
100 100
100 100
100 100
100 100
100 100
100 100
100 100
100 100
100 100
100 100
100 100
100 100
100 100
100 100
100 100
100 100
100 100
100 100
100 100
100 100
100 100
100 100
100 100
100 100
100 100
100 100
100 100
100 100
100 100
100 100
100 100
   0    1   38
   0    2   33
   0    3   45
   0    4   50
   0    5   30
   0    6   43
   0    7   35
   0    8   44
   0    9   41
   0   10   45
   0   11   38
   0   12   40
   0   13   44
   0   14   38
   0   15   36
   0   16   38
   0   17   37
   0   18   43
   0   19   40
   0   20   44
   0   21   46
   0   22   45
   0   23   50
   0   24   45
   0   25   40
   0   26   50
   0   27   40
   0   28   50
   0   29   40
   0   30   50
   0   31   63
   0   32   62
   0   33   60
   0   34   57
   0   35   57
   0   36   55
   0   37   56
   0   38   56
   0   39   52
   0   40   49
   0   41   48
   0   42   45
   0   43   42
   0   44   41
   0   45   45
   0   46   35
   0   47   38
   0   48   43
   0   49   40
   0   50   42
   0   51   42
   0   52   43
   0   53   50
   0   54   43
   0   55   40
   0   56   38
   0   57   30
   0   58   25
   0   59   23
   0   60   19
   0   61   23
   0   62   31
   0   63   52
   0   64   47
   0   65   31
   0   66   20
   0   67   34
   0   68   44
   0   69   25
   0   70   16
   0   71   18
   0   72   30
   0   73   15
   0   74   14
   0   75   24
   0   76   30
   0   77   32
   0   78   44
   0   79   41
   0   80   62
   0   81   47
   0   82   54
   0   83   37
   0   84   43
   0   85   12
   0   86   17
   0   87   19
   0   88   24
   0   89   32
   0   90   40
   0   91   37
   0   92   43
   0   93   22
   0   94   57
   0   95    9
   0   96   17
   0   97   19
   0   98   26
   0   99   22
   0  100   25
   0  101   20
   0  102   53
   0  103   19
   0  104   25
   0  105   24
   1    2   48
   1    3   81
   1    4   80
   1    5   34
   1    6    5
   1    7   15
   1    8    8
   1    9   12
   1   10   10
   1   11   17
   1   12   19
   1   13   16
   1   14   57
   1   15   52
   1   16   53
   1   17   48
   1   18   58
   1   19   49
   1   20   55
   1   21   56
   1   22   52
   1   23   87
   1   24   81
   1   25   77
   1   26   86
   1   27   76
   1   28   86
   1   29   76
   1   30   85
   1   31   94
   1   32   91
   1   33   91
   1   34   87
   1   35   88
   1   36   85
   1   37   87
   1   38   89
   1   39   83
   1   40   47
   1   41   45
   1   42   45
   1   43   42
   1   44   40
   1   45   40
   1   46   39
   1   47   35
   1   48   35
   1   49   35
   1   50   10
   1   51   13
   1   52   51
   1   53   86
   1   54   79
   1   55   73
   1   56   76
   1   57   60
   1   58   40
   1   59   44
   1   60   30
   1   61   60
   1   62   65
   1   63   80
   1   64   71
   1   65   31
   1   66   33
   1   67   69
   1   68   81
   1   69   63
   1   70   51
   1   71   55
   1   72   63
   1   73   34
   1   74   38
   1   75   23
   1   76   55
   1   77   47
   1   78   38
   1   79   70
   1   80   87
   1   81   85
   1   82   87
   1   83   38
   1   84   30
   1   85   48
   1   86   41
   1   87   47
   1   88   60
   1   89   69
   1   90   77
   1   91   66
   1   92   67
   1   93   32
   1   94   95
   1   95   44
   1   96   54
   1   97   55
   1   98   53
   1   99   53
   1  100   62
   1  101   48
   1  102   75
   1  103   38
   1  104   55
   1  105   23
   2    3   47
   2    4   80
   2    5   61
   2    6   53
   2    7   42
   2    8   52
   2    9   46
   2   10   51
   2   11   41
   2   12   40
   2   13   45
   2   14   10
   2   15    7
   2   16    5
   2   17   10
   2   18   10
   2   19   10
   2   20   11
   2   21   13
   2   22   14
   2   23   55
   2   24   50
   2   25   47
   2   26   52
   2   27   45
   2   28   51
   2   29   44
   2   30   49
   2   31   92
   2   32   92
   2   33   89
   2   34   87
   2   35   85
   2   36   85
   2   37   84
   2   38   83
   2   39   82
   2   40   79
   2   41   77
   2   42   75
   2   43   72
   2   44   70
   2   45   73
   2   46   66
   2   47   66
   2   48   70
   2   49   68
   2   50   48
   2   51   46
   2   52   12
   2   53   53
   2   54   49
   2   55   69
   2   56   56
   2   57   24
   2   58   20
   2   59   56
   2   60   34
   2   61   47
   2   62   31
   2   63   35
   2   64   25
   2   65   26
   2   66   49
   2   67   62
   2   68   65
   2   69   43
   2   70   32
   2   71   38
   2   72   61
   2   73   42
   2   74   30
   2   75   44
   2   76   63
   2   77   65
   2   78   25
   2   79   28
   2   80   40
   2   81   64
   2   82   44
   2   83   21
   2   84   33
   2   85   44
   2   86   49
   2   87   24
   2   88   35
   2   89   55
   2   90   62
   2   91   25
   2   92   21
   2   93   29
   2   94   73
   2   95   34
   2   96   46
   2   97   50
   2   98   59
   2   99   54
   2  100   53
   2  101   54
   2  102   27
   2  103   26
   2  104   23
   2  105   40
   3    4   56
   3    5   72
   3    6   86
   3    7   77
   3    8   87
   3    9   82
   3   10   87
   3   11   78
   3   12   79
   3   13   84
   3   14   47
   3   15   51
   3   16   52
   3   17   56
   3   18   51
   3   19   58
   3   20   56
   3   21   58
   3   22   61
   3   23    9
   3   24   10
   3   25   15
   3   26    5
   3   27   15
   3   28    7
   3   29   15
   3   30   10
   3   31   65
   3   32   67
   3   33   62
   3   34   63
   3   35   59
   3   36   61
   3   37   58
   3   38   54
   3   39   59
   3   40   89
   3   41   88
   3   42   85
   3   43   83
   3   44   82
   3   45   87
   3   46   77
   3   47   81
   3   48   86
   3   49   83
   3   50   84
   3   51   83
   3   52   60
   3   53    7
   3   54   12
   3   55   48
   3   56   26
   3   57   34
   3   58   54
   3   59   62
   3   60   60
   3   61   36
   3   62   27
   3   63   30
   3   64   38
   3   65   65
   3   66   65
   3   67   44
   3   68   34
   3   69   30
   3   70   40
   3   71   37
   3   72   49
   3   73   60
   3   74   52
   3   75   69
   3   76   60
   3   77   69
   3   78   71
   3   79   30
   3   80   40
   3   81   26
   3   82   22
   3   83   65
   3   84   76
   3   85   47
   3   86   58
   3   87   45
   3   88   31
   3   89   34
   3   90   34
   3   91   31
   3   92   38
   3   93   60
   3   94   32
   3   95   47
   3   96   43
   3   97   45
   3   98   56
   3   99   51
   3  100   40
   3  101   56
   3  102   43
   3  103   54
   3  104   38
   3  105   67
   4    5   50
   4    6   85
   4    7   82
   4    8   87
   4    9   86
   4   10   89
   4   11   85
   4   12   88
   4   13   90
   4   14   83
   4   15   83
   4   16   85
   4   17   85
   4   18   88
   4   19   88
   4   20   91
   4   21   93
   4   22   93
   4   23   58
   4   24   57
   4   25   55
   4   26   61
   4   27   57
   4   28   63
   4   29   58
   4   30   65
   4   31   13
   4   32   12
   4   33   11
   4   34    7
   4   35   10
   4   36    5
   4   37   10
   4   38   15
   4   39    8
   4   40   59
   4   41   60
   4   42   57
   4   43   56
   4   44   58
   4   45   62
   4   46   55
   4   47   60
   4   48   64
   4   49   62
   4   50   87
   4   51   88
   4   52   91
   4   53   59
   4   54   56
   4   55   21
   4   56   41
   4   57   68
   4   58   74
   4   59   46
   4   60   68
   4   61   43
   4   62   63
   4   63   82
   4   64   84
   4   65   82
   4   66   57
   4   67   28
   4   68   32
   4   69   48
   4   70   58
   4   71   52
   4   72   30
   4   73   59
   4   74   64
   4   75   67
   4   76   35
   4   77   44
   4   78   94
   4   79   74
   4   80   93
   4   81   41
   4   82   77
   4   83   87
   4   84   93
   4   85   47
   4   86   50
   4   87   66
   4   88   56
   4   89   36
   4   90   32
   4   91   72
   4   92   81
   4   93   73
   4   94   41
   4   95   57
   4   96   44
   4   97   40
   4   98   36
   4   99   38
   4  100   37
   4  101   43
   4  102   90
   4  103   69
   4  104   67
   4  105   70
   5    6   39
   5    7   41
   5    8   42
   5    9   43
   5   10   44
   5   11   45
   5   12   48
   5   13   48
   5   14   67
   5   15   64
   5   16   66
   5   17   63
   5   18   71
   5   19   65
   5   20   71
   5   21   72
   5   22   70
   5   23   76
   5   24   71
   5   25   67
   5   26   77
   5   27   67
   5   28   77
   5   29   68
   5   30   78
   5   31   63
   5   32   59
   5   33   61
   5   34   56
   5   35   59
   5   36   55
   5   37   58
   5   38   61
   5   39   53
   5   40   18
   5   41   17
   5   42   14
   5   43   11
   5   44   10
   5   45   15
   5   46    5
   5   47   10
   5   48   15
   5   49   12
   5   50   43
   5   51   45
   5   52   68
   5   53   76
   5   54   70
   5   55   47
   5   56   60
   5   57   60
   5   58   50
   5   59   20
   5   60   36
   5   61   45
   5   62   62
   5   63   82
   5   64   78
   5   65   50
   5   66   21
   5   67   45
   5   68   60
   5   69   51
   5   70   46
   5   71   46
   5   72   38
   5   73   28
   5   74   40
   5   75   28
   5   76   26
   5   77   16
   5   78   62
   5   79   71
   5   80   92
   5   81   68
   5   82   85
   5   83   58
   5   84   57
   5   85   35
   5   86   24
   5   87   49
   5   88   53
   5   89   51
   5   90   57
   5   91   68
   5   92   73
   5   93   43
   5   94   75
   5   95   40
   5   96   39
   5   97   37
   5   98   28
   5   99   32
   5  100   43
   5  101   26
   5  102   83
   5  103   44
   5  104   56
   5  105   33
   6    7   20
   6    8   13
   6    9   17
   6   10   15
   6   11   22
   6   12   24
   6   13   21
   6   14   62
   6   15   57
   6   16   58
   6   17   53
   6   18   63
   6   19   54
   6   20   60
   6   21   61
   6   22   57
   6   23   92
   6   24   86
   6   25   82
   6   26   91
   6   27   81
   6   28   91
   6   29   81
   6   30   90
   6   31   99
   6   32   96
   6   33   96
   6   34   92
   6   35   93
   6   36   90
   6   37   92
   6   38   94
   6   39   88
   6   40   52
   6   41   50
   6   42   50
   6   43   47
   6   44   45
   6   45   45
   6   46   44
   6   47   40
   6   48   40
   6   49   40
   6   50   15
   6   51   18
   6   52   56
   6   53   91
   6   54   84
   6   55   78
   6   56   81
   6   57   65
   6   58   45
   6   59   49
   6   60   35
   6   61   65
   6   62   70
   6   63   85
   6   64   76
   6   65   36
   6   66   38
   6   67   74
   6   68   86
   6   69   68
   6   70   56
   6   71   60
   6   72   68
   6   73   39
   6   74   43
   6   75   28
   6   76   60
   6   77   52
   6   78   43
   6   79   75
   6   80   92
   6   81   90
   6   82   92
   6   83   43
   6   84   35
   6   85   53
   6   86   46
   6   87   52
   6   88   65
   6   89   74
   6   90   82
   6   91   71
   6   92   72
   6   93   37
   6   94  100
   6   95   49
   6   96   59
   6   97   60
   6   98   58
   6   99   58
   6  100   67
   6  101   53
   6  102   80
   6  103   43
   6  104   60
   6  105   28
   7    8   20
   7    9   15
   7   10   20
   7   11   14
   7   12   17
   7   13   18
   7   14   51
   7   15   47
   7   16   47
   7   17   43
   7   18   53
   7   19   44
   7   20   50
   7   21   51
   7   22   47
   7   23   83
   7   24   78
   7   25   73
   7   26   82
   7   27   72
   7   28   81
   7   29   72
   7   30   81
   7   31   95
   7   32   93
   7   33   93
   7   34   88
   7   35   89
   7   36   87
   7   37   89
   7   38   90
   7   39   84
   7   40   56
   7   41   54
   7   42   53
   7   43   50
   7   44   48
   7   45   49
   7   46   46
   7   47   43
   7   48   44
   7   49   43
   7   50   17
   7   51   16
   7   52   46
   7   53   82
   7   54   76
   7   55   74
   7   56   74
   7   57   55
   7   58   35
   7   59   46
   7   60   27
   7   61   58
   7   62   60
   7   63   75
   7   64   66
   7   65   26
   7   66   35
   7   67   68
   7   68   79
   7   69   60
   7   70   47
   7   71   52
   7   72   63
   7   73   33
   7   74   34
   7   75   24
   7   76   57
   7   77   52
   7   78   35
   7   79   65
   7   80   82
   7   81   83
   7   82   82
   7   83   33
   7   84   27
   7   85   47
   7   86   41
   7   87   42
   7   88   56
   7   89   67
   7   90   76
   7   91   61
   7   92   61
   7   93   27
   7   94   93
   7   95   41
   7   96   52
   7   97   54
   7   98   55
   7   99   54
   7  100   60
   7  101   49
   7  102   69
   7  103   33
   7  104   50
   7  105   22
   8    9   15
   8   10   12
   8   11   20
   8   12   22
   8   13   18
   8   14   61
   8   15   56
   8   16   57
   8   17   52
   8   18   62
   8   19   53
   8   20   59
   8   21   60
   8   22   55
   8   23   92
   8   24   87
   8   25   82
   8   26   92
   8   27   82
   8   28   91
   8   29   81
   8   30   91
   8   31  101
   8   32   98
   8   33   99
   8   34   94
   8   35   95
   8   36   92
   8   37   95
   8   38   97
   8   39   90
   8   40   55
   8   41   53
   8   42   53
   8   43   50
   8   44   48
   8   45   48
   8   46   47
   8   47   43
   8   48   43
   8   49   43
   8   50   13
   8   51   16
   8   52   54
   8   53   92
   8   54   85
   8   55   80
   8   56   82
   8   57   65
   8   58   45
   8   59   51
   8   60   36
   8   61   67
   8   62   70
   8   63   85
   8   64   76
   8   65   35
   8   66   40
   8   67   75
   8   68   87
   8   69   69
   8   70   56
   8   71   61
   8   72   70
   8   73   40
   8   74   44
   8   75   30
   8   76   62
   8   77   55
   8   78   42
   8   79   75
   8   80   91
   8   81   92
   8   82   92
   8   83   42
   8   84   33
   8   85   55
   8   86   48
   8   87   52
   8   88   66
   8   89   76
   8   90   84
   8   91   71
   8   92   71
   8   93   37
   8   94  101
   8   95   50
   8   96   60
   8   97   62
   8   98   61
   8   99   60
   8  100   68
   8  101   55
   8  102   79
   8  103   43
   8  104   60
   8  105   30
   9   10   15
   9   11   15
   9   12   17
   9   13   15
   9   14   56
   9   15   51
   9   16   51
   9   17   47
   9   18   57
   9   19   48
   9   20   53
   9   21   54
   9   22   50
   9   23   88
   9   24   83
   9   25   78
   9   26   87
   9   27   78
   9   28   87
   9   29   77
   9   30   86
   9   31  100
   9   32   97
   9   33   97
   9   34   93
   9   35   94
   9   36   91
   9   37   93
   9   38   95
   9   39   89
   9   40   57
   9   41   55
   9   42   55
   9   43   52
   9   44   50
   9   45   50
   9   46   48
   9   47   45
   9   48   45
   9   49   45
   9   50   12
   9   51   12
   9   52   49
   9   53   88
   9   54   81
   9   55   78
   9   56   79
   9   57   60
   9   58   40
   9   59   50
   9   60   32
   9   61   64
   9   62   65
   9   63   80
   9   64   70
   9   65   30
   9   66   39
   9   67   73
   9   68   85
   9   69   65
   9   70   52
   9   71   57
   9   72   68
   9   73   38
   9   74   40
   9   75   28
   9   76   61
   9   77   55
   9   78   36
   9   79   70
   9   80   86
   9   81   88
   9   82   87
   9   83   36
   9   84   28
   9   85   52
   9   86   46
   9   87   47
   9   88   61
   9   89   73
   9   90   81
   9   91   66
   9   92   66
   9   93   32
   9   94   98
   9   95   47
   9   96   57
   9   97   59
   9   98   59
   9   99   58
   9  100   66
   9  101   53
   9  102   74
   9  103   38
   9  104   55
   9  105   27
  10   11   20
  10   12   21
  10   13   17
  10   14   60
  10   15   56
  10   16   56
  10   17   51
  10   18   62
  10   19   52
  10   20   58
  10   21   59
  10   22   54
  10   23   93
  10   24   88
  10   25   83
  10   26   92
  10   27   82
  10   28   92
  10   29   82
  10   30   91
  10   31  103
  10   32  100
  10   33  100
  10   34   96
  10   35   97
  10   36   94
  10   37   96
  10   38   98
  10   39   92
  10   40   57
  10   41   55
  10   42   55
  10   43   52
  10   44   50
  10   45   50
  10   46   49
  10   47   45
  10   48   45
  10   49   45
  10   50   13
  10   51   15
  10   52   53
  10   53   92
  10   54   86
  10   55   82
  10   56   83
  10   57   65
  10   58   45
  10   59   53
  10   60   36
  10   61   68
  10   62   70
  10   63   85
  10   64   75
  10   65   35
  10   66   42
  10   67   77
  10   68   89
  10   69   70
  10   70   57
  10   71   62
  10   72   71
  10   73   42
  10   74   44
  10   75   31
  10   76   64
  10   77   57
  10   78   40
  10   79   75
  10   80   91
  10   81   93
  10   82   92
  10   83   41
  10   84   32
  10   85   56
  10   86   49
  10   87   52
  10   88   66
  10   89   77
  10   90   85
  10   91   71
  10   92   71
  10   93   37
  10   94  102
  10   95   51
  10   96   61
  10   97   63
  10   98   62
  10   99   62
  10  100   70
  10  101   56
  10  102   78
  10  103   43
  10  104   60
  10  105   31
  11   12   13
  11   13   15
  11   14   50
  11   15   45
  11   16   46
  11   17   41
  11   18   52
  11   19   42
  11   20   48
  11   21   49
  11   22   44
  11   23   84
  11   24   79
  11   25   74
  11   26   83
  11   27   73
  11   28   82
  11   29   73
  11   30   82
  11   31   99
  11   32   96
  11   33   96
  11   34   92
  11   35   93
  11   36   90
  11   37   92
  11   38   93
  11   39   88
  11   40   60
  11   41   58
  11   42   57
  11   43   54
  11   44   52
  11   45   53
  11   46   50
  11   47   47
  11   48   48
  11   49   47
  11   50   17
  11   51   15
  11   52   44
  11   53   84
  11   54   77
  11   55   77
  11   56   76
  11   57   55
  11   58   35
  11   59   49
  11   60   29
  11   61   61
  11   62   61
  11   63   75
  11   64   65
  11   65   25
  11   66   38
  11   67   71
  11   68   82
  11   69   62
  11   70   48
  11   71   54
  11   72   66
  11   73   36
  11   74   36
  11   75   28
  11   76   61
  11   77   56
  11   78   31
  11   79   65
  11   80   81
  11   81   85
  11   82   82
  11   83   31
  11   84   23
  11   85   50
  11   86   45
  11   87   43
  11   88   57
  11   89   70
  11   90   78
  11   91   61
  11   92   61
  11   93   28
  11   94   95
  11   95   43
  11   96   55
  11   97   57
  11   98   58
  11   99   57
  11  100   63
  11  101   52
  11  102   68
  11  103   34
  11  104   50
  11  105   25
  12   13   15
  12   14   50
  12   15   45
  12   16   45
  12   17   40
  12   18   51
  12   19   41
  12   20   47
  12   21   48
  12   22   43
  12   23   85
  12   24   80
  12   25   75
  12   26   84
  12   27   75
  12   28   83
  12   29   74
  12   30   82
  12   31  101
  12   32   99
  12   33   99
  12   34   95
  12   35   95
  12   36   93
  12   37   94
  12   38   96
  12   39   90
  12   40   62
  12   41   60
  12   42   60
  12   43   57
  12   44   55
  12   45   56
  12   46   53
  12   47   50
  12   48   51
  12   49   50
  12   50   18
  12   51   15
  12   52   42
  12   53   85
  12   54   78
  12   55   79
  12   56   78
  12   57   56
  12   58   35
  12   59   52
  12   60   31
  12   61   63
  12   62   62
  12   63   75
  12   64   65
  12   65   25
  12   66   41
  12   67   74
  12   68   84
  12   69   64
  12   70   50
  12   71   56
  12   72   69
  12   73   39
  12   74   38
  12   75   30
  12   76   63
  12   77   59
  12   78   29
  12   79   65
  12   80   80
  12   81   87
  12   82   82
  12   83   30
  12   84   21
  12   85   52
  12   86   48
  12   87   44
  12   88   59
  12   89   72
  12   90   80
  12   91   61
  12   92   61
  12   93   29
  12   94   97
  12   95   45
  12   96   57
  12   97   59
  12   98   61
  12   99   59
  12  100   65
  12  101   55
  12  102   68
  12  103   35
  12  104   51
  12  105   27
  13   14   55
  13   15   50
  13   16   50
  13   17   45
  13   18   56
  13   19   46
  13   20   52
  13   21   52
  13   22   48
  13   23   90
  13   24   85
  13   25   80
  13   26   89
  13   27   79
  13   28   88
  13   29   78
  13   30   87
  13   31  104
  13   32  101
  13   33  101
  13   34   97
  13   35   98
  13   36   95
  13   37   97
  13   38   99
  13   39   93
  13   40   62
  13   41   60
  13   42   60
  13   43   57
  13   44   55
  13   45   55
  13   46   53
  13   47   50
  13   48   50
  13   49   50
  13   50   15
  13   51   13
  13   52   47
  13   53   89
  13   54   83
  13   55   82
  13   56   82
  13   57   60
  13   58   40
  13   59   54
  13   60   35
  13   61   67
  13   62   67
  13   63   80
  13   64   70
  13   65   30
  13   66   43
  13   67   77
  13   68   88
  13   69   68
  13   70   54
  13   71   60
  13   72   72
  13   73   42
  13   74   42
  13   75   32
  13   76   65
  13   77   60
  13   78   33
  13   79   70
  13   80   85
  13   81   91
  13   82   87
  13   83   35
  13   84   25
  13   85   55
  13   86   50
  13   87   48
  13   88   63
  13   89   76
  13   90   84
  13   91   66
  13   92   66
  13   93   33
  13   94  101
  13   95   49
  13   96   60
  13   97   63
  13   98   63
  13   99   62
  13  100   69
  13  101   57
  13  102   72
  13  103   40
  13  104   56
  13  105   30
  14   15   15
  14   16   15
  14   17   20
  14   18   15
  14   19   21
  14   20   19
  14   21   21
  14   22   24
  14   23   55
  14   24   50
  14   25   47
  14   26   52
  14   27   46
  14   28   51
  14   29   44
  14   30   49
  14   31   95
  14   32   95
  14   33   92
  14   34   90
  14   35   88
  14   36   88
  14   37   87
  14   38   85
  14   39   85
  14   40   85
  14   41   84
  14   42   82
  14   43   78
  14   44   77
  14   45   80
  14   46   72
  14   47   73
  14   48   77
  14   49   75
  14   50   58
  14   51   55
  14   52   22
  14   53   53
  14   54   49
  14   55   72
  14   56   57
  14   57   25
  14   58   28
  14   59   61
  14   60   42
  14   61   50
  14   62   32
  14   63   35
  14   64   25
  14   65   35
  14   66   56
  14   67   65
  14   68   67
  14   69   45
  14   70   35
  14   71   41
  14   72   64
  14   73   49
  14   74   37
  14   75   52
  14   76   68
  14   77   70
  14   78   36
  14   79   28
  14   80   40
  14   81   65
  14   82   44
  14   83   31
  14   84   43
  14   85   48
  14   86   55
  14   87   28
  14   88   37
  14   89   57
  14   90   64
  14   91   25
  14   92   21
  14   93   36
  14   94   74
  14   95   39
  14   96   49
  14   97   53
  14   98   63
  14   99   58
  14  100   56
  14  101   58
  14  102   28
  14  103   33
  14  104   26
  14  105   48
  15   16   12
  15   17   15
  15   18   17
  15   19   17
  15   20   18
  15   21   20
  15   22   21
  15   23   58
  15   24   53
  15   25   50
  15   26   56
  15   27   49
  15   28   54
  15   29   47
  15   30   53
  15   31   95
  15   32   95
  15   33   92
  15   34   90
  15   35   88
  15   36   88
  15   37   87
  15   38   86
  15   39   85
  15   40   82
  15   41   81
  15   42   79
  15   43   75
  15   44   74
  15   45   77
  15   46   69
  15   47   70
  15   48   73
  15   49   71
  15   50   53
  15   51   50
  15   52   19
  15   53   57
  15   54   52
  15   55   72
  15   56   59
  15   57   28
  15   58   24
  15   59   59
  15   60   38
  15   61   50
  15   62   35
  15   63   40
  15   64   30
  15   65   30
  15   66   53
  15   67   65
  15   68   68
  15   69   46
  15   70   35
  15   71   41
  15   72   64
  15   73   46
  15   74   34
  15   75   48
  15   76   67
  15   77   68
  15   78   31
  15   79   32
  15   80   45
  15   81   67
  15   82   49
  15   83   26
  15   84   38
  15   85   47
  15   86   52
  15   87   27
  15   88   38
  15   89   58
  15   90   65
  15   91   29
  15   92   26
  15   93   32
  15   94   76
  15   95   37
  15   96   49
  15   97   53
  15   98   62
  15   99   57
  15  100   56
  15  101   57
  15  102   32
  15  103   30
  15  104   26
  15  105   44
  16   17   15
  16   18   15
  16   19   15
  16   20   16
  16   21   18
  16   22   19
  16   23   60
  16   24   55
  16   25   52
  16   26   57
  16   27   50
  16   28   56
  16   29   49
  16   30   54
  16   31   97
  16   32   97
  16   33   94
  16   34   92
  16   35   90
  16   36   90
  16   37   89
  16   38   88
  16   39   87
  16   40   84
  16   41   82
  16   42   80
  16   43   77
  16   44   75
  16   45   78
  16   46   71
  16   47   71
  16   48   75
  16   49   73
  16   50   53
  16   51   51
  16   52   17
  16   53   58
  16   54   54
  16   55   74
  16   56   61
  16   57   29
  16   58   25
  16   59   61
  16   60   39
  16   61   52
  16   62   36
  16   63   40
  16   64   30
  16   65   31
  16   66   54
  16   67   67
  16   68   70
  16   69   48
  16   70   37
  16   71   43
  16   72   66
  16   73   47
  16   74   35
  16   75   49
  16   76   68
  16   77   70
  16   78   30
  16   79   33
  16   80   45
  16   81   69
  16   82   49
  16   83   26
  16   84   38
  16   85   49
  16   86   54
  16   87   29
  16   88   40
  16   89   60
  16   90   67
  16   91   30
  16   92   26
  16   93   34
  16   94   78
  16   95   39
  16   96   51
  16   97   55
  16   98   64
  16   99   59
  16  100   58
  16  101   59
  16  102   32
  16  103   31
  16  104   28
  16  105   45
  17   18   20
  17   19   13
  17   20   17
  17   21   19
  17   22   18
  17   23   63
  17   24   58
  17   25   55
  17   26   61
  17   27   53
  17   28   60
  17   29   52
  17   30   58
  17   31   98
  17   32   97
  17   33   95
  17   34   92
  17   35   91
  17   36   90
  17   37   90
  17   38   89
  17   39   87
  17   40   81
  17   41   79
  17   42   77
  17   43   74
  17   44   72
  17   45   75
  17   46   68
  17   47   68
  17   48   71
  17   49   69
  17   50   48
  17   51   46
  17   52   16
  17   53   62
  17   54   57
  17   55   74
  17   56   63
  17   57   32
  17   58   23
  17   59   59
  17   60   36
  17   61   53
  17   62   39
  17   63   45
  17   64   35
  17   65   26
  17   66   52
  17   67   67
  17   68   72
  17   69   49
  17   70   37
  17   71   43
  17   72   66
  17   73   45
  17   74   34
  17   75   46
  17   76   67
  17   77   68
  17   78   26
  17   79   37
  17   80   50
  17   81   71
  17   82   54
  17   83   21
  17   84   33
  17   85   49
  17   86   53
  17   87   29
  17   88   42
  17   89   61
  17   90   69
  17   91   34
  17   92   31
  17   93   30
  17   94   81
  17   95   39
  17   96   51
  17   97   55
  17   98   63
  17   99   59
  17  100   58
  17  101   57
  17  102   37
  17  103   29
  17  104   30
  17  105   41
  18   19   20
  18   20   15
  18   21   17
  18   22   21
  18   23   59
  18   24   54
  18   25   52
  18   26   56
  18   27   50
  18   28   54
  18   29   48
  18   30   52
  18   31  100
  18   32  100
  18   33   97
  18   34   95
  18   35   93
  18   36   93
  18   37   92
  18   38   90
  18   39   90
  18   40   89
  18   41   88
  18   42   86
  18   43   82
  18   44   81
  18   45   84
  18   46   76
  18   47   77
  18   48   80
  18   49   78
  18   50   59
  18   51   56
  18   52   20
  18   53   57
  18   54   53
  18   55   77
  18   56   62
  18   57   30
  18   58   31
  18   59   65
  18   60   45
  18   61   55
  18   62   36
  18   63   36
  18   64   25
  18   65   36
  18   66   60
  18   67   70
  18   68   71
  18   69   50
  18   70   40
  18   71   46
  18   72   69
  18   73   53
  18   74   41
  18   75   55
  18   76   73
  18   77   75
  18   78   35
  18   79   31
  18   80   40
  18   81   69
  18   82   46
  18   83   31
  18   84   43
  18   85   53
  18   86   59
  18   87   33
  18   88   42
  18   89   62
  18   90   69
  18   91   29
  18   92   23
  18   93   39
  18   94   78
  18   95   44
  18   96   54
  18   97   58
  18   98   68
  18   99   63
  18  100   61
  18  101   63
  18  102   27
  18  103   37
  18  104   31
  18  105   51
  19   20   15
  19   21   17
  19   22   15
  19   23   65
  19   24   60
  19   25   57
  19   26   63
  19   27   56
  19   28   61
  19   29   54
  19   30   60
  19   31  101
  19   32  100
  19   33   98
  19   34   95
  19   35   94
  19   36   93
  19   37   93
  19   38   92
  19   39   90
  19   40   83
  19   41   82
  19   42   80
  19   43   76
  19   44   75
  19   45   78
  19   46   70
  19   47   71
  19   48   74
  19   49   72
  19   50   49
  19   51   47
  19   52   13
  19   53   64
  19   54   59
  19   55   77
  19   56   65
  19   57   35
  19   58   25
  19   59   62
  19   60   39
  19   61   56
  19   62   42
  19   63   46
  19   64   35
  19   65   28
  19   66   54
  19   67   70
  19   68   75
  19   69   52
  19   70   40
  19   71   46
  19   72   69
  19   73   48
  19   74   36
  19   75   48
  19   76   70
  19   77   71
  19   78   25
  19   79   39
  19   80   50
  19   81   74
  19   82   55
  19   83   21
  19   84   33
  19   85   52
  19   86   55
  19   87   32
  19   88   44
  19   89   64
  19   90   72
  19   91   36
  19   92   32
  19   93   33
  19   94   83
  19   95   42
  19   96   54
  19   97   58
  19   98   66
  19   99   62
  19  100   61
  19  101   60
  19  102   37
  19  103   32
  19  104   33
  19  105   44
  20   21   12
  20   22   15
  20   23   64
  20   24   60
  20   25   57
  20   26   61
  20   27   55
  20   28   60
  20   29   53
  20   30   58
  20   31  103
  20   32  103
  20   33  100
  20   34   98
  20   35   96
  20   36   96
  20   37   95
  20   38   94
  20   39   93
  20   40   89
  20   41   87
  20   42   85
  20   43   82
  20   44   80
  20   45   83
  20   46   76
  20   47   76
  20   48   79
  20   49   77
  20   50   55
  20   51   53
  20   52   15
  20   53   63
  20   54   58
  20   55   80
  20   56   66
  20   57   35
  20   58   30
  20   59   66
  20   60   44
  20   61   58
  20   62   41
  20   63   42
  20   64   31
  20   65   33
  20   66   59
  20   67   73
  20   68   76
  20   69   54
  20   70   43
  20   71   49
  20   72   72
  20   73   52
  20   74   41
  20   75   53
  20   76   74
  20   77   75
  20   78   30
  20   79   36
  20   80   45
  20   81   74
  20   82   52
  20   83   27
  20   84   38
  20   85   55
  20   86   60
  20   87   35
  20   88   46
  20   89   66
  20   90   73
  20   91   34
  20   92   28
  20   93   38
  20   94   83
  20   95   45
  20   96   57
  20   97   61
  20   98   70
  20   99   65
  20  100   64
  20  101   64
  20  102   32
  20  103   36
  20  104   34
  20  105   49
  21   22   15
  21   23   66
  21   24   61
  21   25   58
  21   26   63
  21   27   57
  21   28   61
  21   29   55
  21   30   59
  21   31  105
  21   32  105
  21   33  102
  21   34  100
  21   35   98
  21   36   98
  21   37   97
  21   38   96
  21   39   95
  21   40   90
  21   41   89
  21   42   87
  21   43   83
  21   44   82
  21   45   85
  21   46   77
  21   47   78
  21   48   81
  21   49   79
  21   50   56
  21   51   53
  21   52   15
  21   53   64
  21   54   60
  21   55   82
  21   56   68
  21   57   36
  21   58   32
  21   59   68
  21   60   46
  21   61   60
  21   62   43
  21   63   43
  21   64   32
  21   65   35
  21   66   61
  21   67   75
  21   68   78
  21   69   56
  21   70   45
  21   71   51
  21   72   74
  21   73   54
  21   74   43
  21   75   55
  21   76   76
  21   77   77
  21   78   30
  21   79   38
  21   80   45
  21   81   76
  21   82   53
  21   83   27
  21   84   38
  21   85   57
  21   86   62
  21   87   37
  21   88   48
  21   89   68
  21   90   75
  21   91   36
  21   92   30
  21   93   40
  21   94   85
  21   95   47
  21   96   59
  21   97   63
  21   98   72
  21   99   67
  21  100   66
  21  101   66
  21  102   32
  21  103   38
  21  104   36
  21  105   51
  22   23   69
  22   24   64
  22   25   61
  22   26   66
  22   27   60
  22   28   65
  22   29   58
  22   30   63
  22   31  106
  22   32  105
  22   33  103
  22   34  100
  22   35   99
  22   36   98
  22   37   98
  22   38   97
  22   39   95
  22   40   88
  22   41   86
  22   42   84
  22   43   81
  22   44   79
  22   45   82
  22   46   75
  22   47   75
  22   48   78
  22   49   76
  22   50   52
  22   51   49
  22   52   12
  22   53   68
  22   54   63
  22   55   82
  22   56   70
  22   57   39
  22   58   30
  22   59   67
  22   60   43
  22   61   60
  22   62   46
  22   63   48
  22   64   36
  22   65   31
  22   66   59
  22   67   75
  22   68   79
  22   69   57
  22   70   45
  22   71   51
  22   72   74
  22   73   52
  22   74   41
  22   75   52
  22   76   75
  22   77   76
  22   78   25
  22   79   42
  22   80   50
  22   81   78
  22   82   57
  22   83   23
  22   84   33
  22   85   57
  22   86   60
  22   87   37
  22   88   49
  22   89   69
  22   90   76
  22   91   39
  22   92   34
  22   93   37
  22   94   88
  22   95   47
  22   96   59
  22   97   63
  22   98   71
  22   99   67
  22  100   66
  22  101   65
  22  102   37
  22  103   36
  22  104   37
  22  105   48
  23   24   15
  23   25   20
  23   26   14
  23   27   20
  23   28   16
  23   29   21
  23   30   19
  23   31   66
  23   32   69
  23   33   64
  23   34   64
  23   35   60
  23   36   63
  23   37   59
  23   38   55
  23   39   60
  23   40   93
  23   41   92
  23   42   89
  23   43   87
  23   44   86
  23   45   91
  23   46   81
  23   47   85
  23   48   90
  23   49   87
  23   50   90
  23   51   89
  23   52   68
  23   53   12
  23   54   17
  23   55   51
  23   56   28
  23   57   41
  23   58   61
  23   59   66
  23   60   66
  23   61   40
  23   62   34
  23   63   39
  23   64   47
  23   65   72
  23   66   70
  23   67   46
  23   68   35
  23   69   35
  23   70   46
  23   71   42
  23   72   52
  23   73   65
  23   74   58
  23   75   74
  23   76   64
  23   77   72
  23   78   79
  23   79   38
  23   80   49
  23   81   27
  23   82   31
  23   83   72
  23   84   83
  23   85   52
  23   86   63
  23   87   51
  23   88   36
  23   89   37
  23   90   36
  23   91   39
  23   92   47
  23   93   66
  23   94   33
  23   95   52
  23   96   47
  23   97   49
  23   98   59
  23   99   54
  23  100   44
  23  101   60
  23  102   52
  23  103   60
  23  104   44
  23  105   73
  24   25   15
  24   26   15
  24   27   15
  24   28   16
  24   29   16
  24   30   18
  24   31   66
  24   32   68
  24   33   63
  24   34   64
  24   35   60
  24   36   62
  24   37   59
  24   38   55
  24   39   59
  24   40   89
  24   41   88
  24   42   85
  24   43   82
  24   44   82
  24   45   87
  24   46   76
  24   47   81
  24   48   86
  24   49   83
  24   50   85
  24   51   84
  24   52   63
  24   53   15
  24   54   12
  24   55   49
  24   56   26
  24   57   36
  24   58   55
  24   59   61
  24   60   61
  24   61   36
  24   62   29
  24   63   37
  24   64   43
  24   65   66
  24   66   65
  24   67   43
  24   68   35
  24   69   30
  24   70   40
  24   71   37
  24   72   48
  24   73   60
  24   74   53
  24   75   69
  24   76   60
  24   77   68
  24   78   74
  24   79   34
  24   80   47
  24   81   28
  24   82   30
  24   83   67
  24   84   78
  24   85   47
  24   86   58
  24   87   46
  24   88   31
  24   89   34
  24   90   34
  24   91   35
  24   92   43
  24   93   61
  24   94   35
  24   95   47
  24   96   42
  24   97   44
  24   98   56
  24   99   50
  24  100   40
  24  101   55
  24  102   48
  24  103   54
  24  104   39
  24  105   68
  25   26   20
  25   27   12
  25   28   20
  25   29   14
  25   30   22
  25   31   65
  25   32   66
  25   33   62
  25   34   62
  25   35   58
  25   36   60
  25   37   57
  25   38   54
  25   39   57
  25   40   84
  25   41   83
  25   42   80
  25   43   78
  25   44   77
  25   45   82
  25   46   72
  25   47   76
  25   48   81
  25   49   78
  25   50   80
  25   51   79
  25   52   60
  25   53   20
  25   54   13
  25   55   46
  25   56   23
  25   57   32
  25   58   51
  25   59   56
  25   60   56
  25   61   31
  25   62   25
  25   63   37
  25   64   42
  25   65   62
  25   66   60
  25   67   40
  25   68   33
  25   69   25
  25   70   35
  25   71   32
  25   72   44
  25   73   55
  25   74   48
  25   75   64
  25   76   56
  25   77   64
  25   78   70
  25   79   32
  25   80   48
  25   81   28
  25   82   32
  25   83   63
  25   84   74
  25   85   42
  25   86   53
  25   87   41
  25   88   26
  25   89   30
  25   90   32
  25   91   32
  25   92   41
  25   93   56
  25   94   36
  25   95   42
  25   96   37
  25   97   40
  25   98   51
  25   99   46
  25  100   36
  25  101   51
  25  102   48
  25  103   50
  25  104   35
  25  105   63
  26   27   20
  26   28   12
  26   29   20
  26   30   15
  26   31   70
  26   32   72
  26   33   67
  26   34   68
  26   35   64
  26   36   66
  26   37   63
  26   38   59
  26   39   64
  26   40   94
  26   41   93
  26   42   90
  26   43   88
  26   44   87
  26   45   92
  26   46   82
  26   47   86
  26   48   91
  26   49   88
  26   50   89
  26   51   88
  26   52   65
  26   53   12
  26   54   17
  26   55   53
  26   56   31
  26   57   39
  26   58   59
  26   59   67
  26   60   65
  26   61   41
  26   62   32
  26   63   35
  26   64   43
  26   65   70
  26   66   70
  26   67   49
  26   68   39
  26   69   35
  26   70   45
  26   71   42
  26   72   54
  26   73   65
  26   74   57
  26   75   74
  26   76   65
  26   77   74
  26   78   76
  26   79   35
  26   80   45
  26   81   31
  26   82   27
  26   83   70
  26   84   81
  26   85   52
  26   86   63
  26   87   50
  26   88   36
  26   89   39
  26   90   39
  26   91   36
  26   92   43
  26   93   65
  26   94   37
  26   95   52
  26   96   48
  26   97   50
  26   98   61
  26   99   56
  26  100   45
  26  101   61
  26  102   48
  26  103   59
  26  104   43
  26  105   72
  27   28   20
  27   29   12
  27   30   21
  27   31   67
  27   32   68
  27   33   64
  27   34   63
  27   35   60
  27   36   62
  27   37   59
  27   38   56
  27   39   59
  27   40   85
  27   41   84
  27   42   81
  27   43   78
  27   44   78
  27   45   82
  27   46   72
  27   47   76
  27   48   81
  27   49   78
  27   50   79
  27   51   78
  27   52   58
  27   53   20
  27   54   13
  27   55   47
  27   56   25
  27   57   31
  27   58   50
  27   59   57
  27   60   56
  27   61   32
  27   62   24
  27   63   35
  27   64   40
  27   65   61
  27   66   60
  27   67   42
  27   68   35
  27   69   25
  27   70   35
  27   71   32
  27   72   46
  27   73   55
  27   74   48
  27   75   64
  27   76   57
  27   77   65
  27   78   68
  27   79   30
  27   80   46
  27   81   30
  27   82   30
  27   83   62
  27   84   72
  27   85   42
  27   86   53
  27   87   40
  27   88   26
  27   89   32
  27   90   34
  27   91   31
  27   92   39
  27   93   55
  27   94   38
  27   95   42
  27   96   38
  27   97   40
  27   98   52
  27   99   47
  27  100   37
  27  101   51
  27  102   46
  27  103   49
  27  104   34
  27  105   62
  28   29   20
  28   30   13
  28   31   72
  28   32   74
  28   33   69
  28   34   70
  28   35   65
  28   36   68
  28   37   65
  28   38   61
  28   39   65
  28   40   95
  28   41   94
  28   42   91
  28   43   88
  28   44   88
  28   45   92
  28   46   82
  28   47   86
  28   48   91
  28   49   88
  28   50   89
  28   51   87
  28   52   63
  28   53   14
  28   54   18
  28   55   55
  28   56   32
  28   57   38
  28   58   58
  28   59   67
  28   60   65
  28   61   42
  28   62   31
  28   63   33
  28   64   41
  28   65   69
  28   66   70
  28   67   50
  28   68   40
  28   69   35
  28   70   45
  28   71   42
  28   72   55
  28   73   65
  28   74   57
  28   75   74
  28   76   66
  28   77   75
  28   78   75
  28   79   33
  28   80   43
  28   81   33
  28   82   25
  28   83   69
  28   84   80
  28   85   52
  28   86   64
  28   87   49
  28   88   36
  28   89   40
  28   90   40
  28   91   35
  28   92   42
  28   93   64
  28   94   39
  28   95   52
  28   96   48
  28   97   50
  28   98   62
  28   99   57
  28  100   46
  28  101   61
  28  102   46
  28  103   58
  28  104   42
  28  105   72
  29   30   20
  29   31   68
  29   32   70
  29   33   66
  29   34   65
  29   35   62
  29   36   63
  29   37   61
  29   38   58
  29   39   61
  29   40   85
  29   41   85
  29   42   82
  29   43   79
  29   44   78
  29   45   83
  29   46   73
  29   47   77
  29   48   82
  29   49   79
  29   50   79
  29   51   78
  29   52   56
  29   53   20
  29   54   15
  29   55   49
  29   56   27
  29   57   29
  29   58   49
  29   59   58
  29   60   55
  29   61   33
  29   62   22
  29   63   33
  29   64   38
  29   65   60
  29   66   60
  29   67   43
  29   68   37
  29   69   26
  29   70   35
  29   71   32
  29   72   47
  29   73   55
  29   74   47
  29   75   64
  29   76   58
  29   77   65
  29   78   67
  29   79   28
  29   80   44
  29   81   32
  29   82   29
  29   83   60
  29   84   71
  29   85   43
  29   86   54
  29   87   40
  29   88   26
  29   89   33
  29   90   36
  29   91   29
  29   92   37
  29   93   55
  29   94   40
  29   95   42
  29   96   39
  29   97   41
  29   98   53
  29   99   48
  29  100   38
  29  101   52
  29  102   44
  29  103   48
  29  104   33
  29  105   62
  30   31   75
  30   32   77
  30   33   72
  30   34   72
  30   35   68
  30   36   70
  30   37   67
  30   38   63
  30   39   68
  30   40   96
  30   41   95
  30   42   92
  30   43   89
  30   44   89
  30   45   93
  30   46   83
  30   47   87
  30   48   92
  30   49   89
  30   50   88
  30   51   86
  30   52   61
  30   53   17
  30   54   19
  30   55   57
  30   56   35
  30   57   36
  30   58   57
  30   59   68
  30   60   65
  30   61   43
  30   62   30
  30   63   30
  30   64   39
  30   65   68
  30   66   70
  30   67   52
  30   68   43
  30   69   36
  30   70   45
  30   71   42
  30   72   57
  30   73   65
  30   74   57
  30   75   74
  30   76   68
  30   77   76
  30   78   74
  30   79   31
  30   80   40
  30   81   35
  30   82   22
  30   83   67
  30   84   79
  30   85   53
  30   86   64
  30   87   48
  30   88   36
  30   89   42
  30   90   43
  30   91   33
  30   92   39
  30   93   64
  30   94   42
  30   95   52
  30   96   49
  30   97   52
  30   98   63
  30   99   58
  30  100   48
  30  101   62
  30  102   43
  30  103   57
  30  104   41
  30  105   72
  31   32   15
  31   33   13
  31   34   17
  31   35   17
  31   36   18
  31   37   18
  31   38   21
  31   39   21
  31   40   71
  31   41   72
  31   42   70
  31   43   69
  31   44   71
  31   45   75
  31   46   68
  31   47   74
  31   48   78
  31   49   75
  31   50  101
  31   51  101
  31   52  104
  31   53   68
  31   54   65
  31   55   33
  31   56   51
  31   57   80
  31   58   87
  31   59   60
  31   60   81
  31   61   55
  31   62   75
  31   63   92
  31   64   95
  31   65   95
  31   66   71
  31   67   40
  31   68   41
  31   69   60
  31   70   70
  31   71   64
  31   72   43
  31   73   72
  31   74   77
  31   75   81
  31   76   49
  31   77   57
  31   78  107
  31   79   85
  31   80  103
  31   81   49
  31   82   86
  31   83  100
  31   84  106
  31   85   60
  31   86   63
  31   87   79
  31   88   68
  31   89   48
  31   90   42
  31   91   84
  31   92   93
  31   93   86
  31   94   47
  31   95   70
  31   96   57
  31   97   53
  31   98   50
  31   99   52
  31  100   49
  31  101   56
  31  102  101
  31  103   82
  31  104   79
  31  105   83
  32   33   15
  32   34   15
  32   35   18
  32   36   17
  32   37   19
  32   38   24
  32   39   20
  32   40   67
  32   41   68
  32   42   65
  32   43   65
  32   44   67
  32   45   71
  32   46   64
  32   47   70
  32   48   74
  32   49   71
  32   50   98
  32   51   99
  32   52  103
  32   53   70
  32   54   67
  32   55   33
  32   56   52
  32   57   80
  32   58   86
  32   59   57
  32   60   79
  32   61   55
  32   62   75
  32   63   93
  32   64   96
  32   65   93
  32   66   68
  32   67   40
  32   68   43
  32   69   60
  32   70   70
  32   71   64
  32   72   41
  32   73   70
  32   74   76
  32   75   78
  32   76   46
  32   77   53
  32   78  106
  32   79   86
  32   80  104
  32   81   51
  32   82   88
  32   83   99
  32   84  104
  32   85   59
  32   86   61
  32   87   78
  32   88   68
  32   89   48
  32   90   44
  32   91   84
  32   92   93
  32   93   84
  32   94   51
  32   95   69
  32   96   56
  32   97   52
  32   98   48
  32   99   50
  32  100   49
  32  101   54
  32  102  102
  32  103   81
  32  104   79
  32  105   81
  33   34   15
  33   35   14
  33   36   16
  33   37   15
  33   38   18
  33   39   18
  33   40   70
  33   41   71
  33   42   68
  33   43   68
  33   44   69
  33   45   73
  33   46   66
  33   47   72
  33   48   76
  33   49   73
  33   50   98
  33   51   99
  33   52  101
  33   53   65
  33   54   63
  33   55   30
  33   56   48
  33   57   77
  33   58   84
  33   59   57
  33   60   78
  33   61   52
  33   62   72
  33   63   89
  33   64   92
  33   65   92
  33   66   68
  33   67   37
  33   68   38
  33   69   57
  33   70   67
  33   71   61
  33   72   40
  33   73   70
  33   74   74
  33   75   79
  33   76   46
  33   77   55
  33   78  104
  33   79   82
  33   80  100
  33   81   46
  33   82   84
  33   83   97
  33   84  104
  33   85   58
  33   86   61
  33   87   76
  33   88   65
  33   89   45
  33   90   39
  33   91   81
  33   92   90
  33   93   83
  33   94   45
  33   95   67
  33   96   54
  33   97   51
  33   98   48
  33   99   49
  33  100   46
  33  101   54
  33  102   98
  33  103   79
  33  104   76
  33  105   81
  34   35   15
  34   36   12
  34   37   15
  34   38   21
  34   39   15
  34   40   65
  34   41   65
  34   42   63
  34   43   63
  34   44   64
  34   45   68
  34   46   61
  34   47   67
  34   48   71
  34   49   68
  34   50   94
  34   51   94
  34   52   98
  34   53   66
  34   54   63
  34   55   28
  34   56   48
  34   57   75
  34   58   81
  34   59   53
  34   60   75
  34   61   50
  34   62   70
  34   63   89
  34   64   91
  34   65   89
  34   66   64
  34   67   35
  34   68   39
  34   69   55
  34   70   65
  34   71   59
  34   72   36
  34   73   65
  34   74   71
  34   75   74
  34   76   42
  34   77   50
  34   78  101
  34   79   81
  34   80  100
  34   81   47
  34   82   84
  34   83   94
  34   84  100
  34   85   54
  34   86   57
  34   87   73
  34   88   63
  34   89   43
  34   90   39
  34   91   79
  34   92   88
  34   93   79
  34   94   47
  34   95   64
  34   96   51
  34   97   47
  34   98   43
  34   99   45
  34  100   44
  34  101   49
  34  102   97
  34  103   76
  34  104   74
  34  105   77
  35   36   15
  35   37   11
  35   38   15
  35   39   15
  35   40   68
  35   41   69
  35   42   66
  35   43   66
  35   44   67
  35   45   71
  35   46   64
  35   47   69
  35   48   74
  35   49   71
  35   50   95
  35   51   96
  35   52   97
  35   53   62
  35   54   59
  35   55   26
  35   56   44
  35   57   73
  35   58   80
  35   59   54
  35   60   75
  35   61   48
  35   62   68
  35   63   85
  35   64   88
  35   65   88
  35   66   65
  35   67   33
  35   68   35
  35   69   53
  35   70   63
  35   71   57
  35   72   36
  35   73   66
  35   74   71
  35   75   75
  35   76   43
  35   77   53
  35   78  101
  35   79   78
  35   80   96
  35   81   43
  35   82   80
  35   83   94
  35   84  100
  35   85   54
  35   86   58
  35   87   72
  35   88   61
  35   89   41
  35   90   35
  35   91   77
  35   92   86
  35   93   79
  35   94   42
  35   95   63
  35   96   50
  35   97   47
  35   98   44
  35   99   45
  35  100   42
  35  101   50
  35  102   94
  35  103   75
  35  104   72
  35  105   77
  36   37   15
  36   38   20
  36   39   13
  36   40   64
  36   41   65
  36   42   62
  36   43   61
  36   44   63
  36   45   67
  36   46   60
  36   47   65
  36   48   69
  36   49   67
  36   50   92
  36   51   93
  36   52   96
  36   53   64
  36   54   61
  36   55   26
  36   56   46
  36   57   73
  36   58   79
  36   59   51
  36   60   73
  36   61   48
  36   62   68
  36   63   87
  36   64   89
  36   65   87
  36   66   62
  36   67   33
  36   68   37
  36   69   53
  36   70   63
  36   71   57
  36   72   35
  36   73   64
  36   74   69
  36   75   72
  36   76   40
  36   77   49
  36   78   99
  36   79   79
  36   80   98
  36   81   46
  36   82   82
  36   83   92
  36   84   98
  36   85   52
  36   86   55
  36   87   71
  36   88   61
  36   89   41
  36   90   37
  36   91   77
  36   92   86
  36   93   78
  36   94   46
  36   95   62
  36   96   49
  36   97   45
  36   98   41
  36   99   43
  36  100   42
  36  101   48
  36  102   95
  36  103   74
  36  104   72
  36  105   75
  37   38   15
  37   39   15
  37   40   68
  37   41   69
  37   42   66
  37   43   65
  37   44   66
  37   45   71
  37   46   63
  37   47   69
  37   48   73
  37   49   71
  37   50   94
  37   51   95
  37   52   96
  37   53   61
  37   54   58
  37   55   25
  37   56   43
  37   57   72
  37   58   79
  37   59   53
  37   60   74
  37   61   47
  37   62   67
  37   63   84
  37   64   87
  37   65   88
  37   66   64
  37   67   32
  37   68   34
  37   69   52
  37   70   62
  37   71   56
  37   72   35
  37   73   65
  37   74   70
  37   75   75
  37   76   43
  37   77   52
  37   78  100
  37   79   77
  37   80   95
  37   81   42
  37   82   79
  37   83   93
  37   84   99
  37   85   53
  37   86   57
  37   87   71
  37   88   60
  37   89   40
  37   90   35
  37   91   76
  37   92   85
  37   93   78
  37   94   42
  37   95   62
  37   96   49
  37   97   46
  37   98   44
  37   99   44
  37  100   41
  37  101   50
  37  102   93
  37  103   74
  37  104   71
  37  105   77
  38   39   20
  38   40   72
  38   41   73
  38   42   70
  38   43   69
  38   44   70
  38   45   75
  38   46   66
  38   47   72
  38   48   77
  38   49   74
  38   50   96
  38   51   96
  38   52   95
  38   53   57
  38   54   54
  38   55   26
  38   56   40
  38   57   70
  38   58   79
  38   59   56
  38   60   75
  38   61   46
  38   62   65
  38   63   81
  38   64   85
  38   65   88
  38   66   66
  38   67   32
  38   68   30
  38   69   50
  38   70   62
  38   71   55
  38   72   37
  38   73   67
  38   74   70
  38   75   76
  38   76   46
  38   77   55
  38   78  100
  38   79   75
  38   80   92
  38   81   38
  38   82   75
  38   83   93
  38   84   99
  38   85   53
  38   86   58
  38   87   70
  38   88   58
  38   89   38
  38   90   32
  38   91   74
  38   92   83
  38   93   79
  38   94   36
  38   95   62
  38   96   49
  38   97   46
  38   98   46
  38   99   46
  38  100   41
  38  101   51
  38  102   91
  38  103   74
  38  104   69
  38  105   78
  39   40   63
  39   41   63
  39   42   61
  39   43   60
  39   44   61
  39   45   65
  39   46   58
  39   47   64
  39   48   68
  39   49   65
  39   50   90
  39   51   90
  39   52   93
  39   53   62
  39   54   58
  39   55   23
  39   56   43
  39   57   70
  39   58   76
  39   59   49
  39   60   70
  39   61   45
  39   62   65
  39   63   84
  39   64   86
  39   65   84
  39   66   60
  39   67   30
  39   68   35
  39   69   50
  39   70   60
  39   71   54
  39   72   32
  39   73   61
  39   74   66
  39   75   70
  39   76   38
  39   77   47
  39   78   96
  39   79   76
  39   80   95
  39   81   43
  39   82   79
  39   83   89
  39   84   95
  39   85   49
  39   86   52
  39   87   68
  39   88   58
  39   89   38
  39   90   35
  39   91   74
  39   92   83
  39   93   75
  39   94   44
  39   95   59
  39   96   46
  39   97   42
  39   98   39
  39   99   40
  39  100   39
  39  101   45
  39  102   92
  39  103   71
  39  104   69
  39  105   72
  40   41   12
  40   42   13
  40   43   17
  40   44   18
  40   45   17
  40   46   23
  40   47   23
  40   48   22
  40   49   22
  40   50   57
  40   51   59
  40   52   86
  40   53   93
  40   54   87
  40   55   60
  40   56   76
  40   57   79
  40   58   68
  40   59   37
  40   60   54
  40   61   62
  40   62   80
  40   63  101
  40   64   96
  40   65   67
  40   66   39
  40   67   60
  40   68   75
  40   69   69
  40   70   65
  40   71   64
  40   72   53
  40   73   46
  40   74   58
  40   75   45
  40   76   40
  40   77   30
  40   78   79
  40   79   90
  40   80  111
  40   81   83
  40   82  103
  40   83   75
  40   84   73
  40   85   52
  40   86   42
  40   87   68
  40   88   71
  40   89   66
  40   90   72
  40   91   86
  40   92   92
  40   93   60
  40   94   90
  40   95   58
  40   96   56
  40   97   54
  40   98   43
  40   99   48
  40  100   59
  40  101   43
  40  102  101
  40  103   62
  40  104   74
  40  105   50
  41   42   13
  41   43   15
  41   44   17
  41   45   15
  41   46   22
  41   47   21
  41   48   20
  41   49   20
  41   50   55
  41   51   57
  41   52   84
  41   53   93
  41   54   86
  41   55   60
  41   56   75
  41   57   78
  41   58   67
  41   59   36
  41   60   53
  41   61   62
  41   62   79
  41   63  100
  41   64   95
  41   65   65
  41   66   38
  41   67   60
  41   68   75
  41   69   68
  41   70   64
  41   71   63
  41   72   53
  41   73   45
  41   74   57
  41   75   44
  41   76   40
  41   77   30
  41   78   77
  41   79   89
  41   80  110
  41   81   83
  41   82  102
  41   83   73
  41   84   71
  41   85   52
  41   86   41
  41   87   66
  41   88   70
  41   89   66
  41   90   72
  41   91   85
  41   92   90
  41   93   59
  41   94   90
  41   95   57
  41   96   55
  41   97   53
  41   98   43
  41   99   47
  41  100   58
  41  101   42
  41  102  100
  41  103   61
  41  104   73
  41  105   48
  42   43   13
  42   44   15
  42   45   15
  42   46   19
  42   47   20
  42   48   20
  42   49   20
  42   50   55
  42   51   57
  42   52   83
  42   53   90
  42   54   83
  42   55   57
  42   56   72
  42   57   75
  42   58   65
  42   59   34
  42   60   51
  42   61   59
  42   62   76
  42   63   97
  42   64   92
  42   65   64
  42   66   36
  42   67   57
  42   68   72
  42   69   65
  42   70   61
  42   71   61
  42   72   50
  42   73   43
  42   74   55
  42   75   42
  42   76   37
  42   77   27
  42   78   76
  42   79   86
  42   80  107
  42   81   80
  42   82   99
  42   83   72
  42   84   70
  42   85   49
  42   86   38
  42   87   64
  42   88   68
  42   89   63
  42   90   69
  42   91   82
  42   92   88
  42   93   57
  42   94   87
  42   95   54
  42   96   53
  42   97   50
  42   98   40
  42   99   44
  42  100   55
  42  101   39
  42  102   98
  42  103   59
  42  104   71
  42  105   47
  43   44   12
  43   45   15
  43   46   16
  43   47   17
  43   48   18
  43   49   17
  43   50   52
  43   51   54
  43   52   79
  43   53   87
  43   54   80
  43   55   56
  43   56   70
  43   57   72
  43   58   61
  43   59   31
  43   60   47
  43   61   56
  43   62   73
  43   63   94
  43   64   89
  43   65   61
  43   66   32
  43   67   55
  43   68   70
  43   69   62
  43   70   58
  43   71   57
  43   72   48
  43   73   39
  43   74   51
  43   75   39
  43   76   35
  43   77   25
  43   78   73
  43   79   83
  43   80  104
  43   81   78
  43   82   96
  43   83   69
  43   84   67
  43   85   46
  43   86   35
  43   87   60
  43   88   65
  43   89   61
  43   90   67
  43   91   79
  43   92   85
  43   93   53
  43   94   85
  43   95   51
  43   96   50
  43   97   48
  43   98   38
  43   99   42
  43  100   53
  43  101   36
  43  102   94
  43  103   55
  43  104   67
  43  105   43
  44   45   15
  44   46   15
  44   47   15
  44   48   17
  44   49   15
  44   50   50
  44   51   52
  44   52   77
  44   53   87
  44   54   80
  44   55   56
  44   56   70
  44   57   71
  44   58   60
  44   59   30
  44   60   46
  44   61   56
  44   62   72
  44   63   93
  44   64   88
  44   65   59
  44   66   31
  44   67   55
  44   68   70
  44   69   62
  44   70   57
  44   71   57
  44   72   48
  44   73   38
  44   74   50
  44   75   37
  44   76   35
  44   77   25
  44   78   71
  44   79   82
  44   80  103
  44   81   78
  44   82   95
  44   83   67
  44   84   65
  44   85   45
  44   86   34
  44   87   59
  44   88   64
  44   89   61
  44   90   67
  44   91   78
  44   92   83
  44   93   52
  44   94   85
  44   95   50
  44   96   49
  44   97   47
  44   98   38
  44   99   42
  44  100   53
  44  101   36
  44  102   93
  44  103   54
  44  104   66
  44  105   41
  45   46   20
  45   47   17
  45   48   15
  45   49   15
  45   50   50
  45   51   52
  45   52   80
  45   53   92
  45   54   85
  45   55   61
  45   56   75
  45   57   75
  45   58   63
  45   59   35
  45   60   49
  45   61   60
  45   62   77
  45   63   97
  45   64   92
  45   65   61
  45   66   35
  45   67   60
  45   68   75
  45   69   67
  45   70   61
  45   71   61
  45   72   53
  45   73   42
  45   74   53
  45   75   39
  45   76   40
  45   77   30
  45   78   73
  45   79   86
  45   80  107
  45   81   83
  45   82   99
  45   83   69
  45   84   66
  45   85   50
  45   86   39
  45   87   63
  45   88   68
  45   89   66
  45   90   72
  45   91   82
  45   92   87
  45   93   55
  45   94   90
  45   95   54
  45   96   54
  45   97   52
  45   98   43
  45   99   47
  45  100   58
  45  101   41
  45  102   97
  45  103   57
  45  104   70
  45  105   44
  46   47   15
  46   48   20
  46   49   17
  46   50   48
  46   51   50
  46   52   73
  46   53   81
  46   54   75
  46   55   52
  46   56   65
  46   57   65
  46   58   55
  46   59   25
  46   60   41
  46   61   50
  46   62   67
  46   63   87
  46   64   83
  46   65   55
  46   66   26
  46   67   50
  46   68   65
  46   69   56
  46   70   51
  46   71   51
  46   72   43
  46   73   33
  46   74   45
  46   75   33
  46   76   31
  46   77   21
  46   78   67
  46   79   76
  46   80   97
  46   81   73
  46   82   90
  46   83   63
  46   84   62
  46   85   40
  46   86   29
  46   87   54
  46   88   58
  46   89   56
  46   90   62
  46   91   73
  46   92   78
  46   93   48
  46   94   80
  46   95   45
  46   96   44
  46   97   42
  46   98   33
  46   99   37
  46  100   48
  46  101   31
  46  102   88
  46  103   49
  46  104   61
  46  105   38
  47   48   15
  47   49   12
  47   50   45
  47   51   47
  47   52   73
  47   53   86
  47   54   79
  47   55   58
  47   56   70
  47   57   68
  47   58   56
  47   59   30
  47   60   42
  47   61   55
  47   62   70
  47   63   90
  47   64   85
  47   65   54
  47   66   28
  47   67   56
  47   68   70
  47   69   60
  47   70   54
  47   71   55
  47   72   49
  47   73   35
  47   74   46
  47   75   32
  47   76   36
  47   77   27
  47   78   66
  47   79   79
  47   80  100
  47   81   78
  47   82   93
  47   83   62
  47   84   60
  47   85   43
  47   86   32
  47   87   56
  47   88   62
  47   89   61
  47   90   67
  47   91   75
  47   92   80
  47   93   48
  47   94   85
  47   95   47
  47   96   48
  47   97   47
  47   98   38
  47   99   42
  47  100   53
  47  101   36
  47  102   90
  47  103   50
  47  104   63
  47  105   37
  48   49   13
  48   50   45
  48   51   47
  48   52   76
  48   53   91
  48   54   84
  48   55   62
  48   56   75
  48   57   72
  48   58   59
  48   59   35
  48   60   45
  48   61   60
  48   62   75
  48   63   95
  48   64   89
  48   65   57
  48   66   32
  48   67   60
  48   68   75
  48   69   65
  48   70   59
  48   71   60
  48   72   53
  48   73   39
  48   74   50
  48   75   35
  48   76   41
  48   77   31
  48   78   68
  48   79   83
  48   80  104
  48   81   83
  48   82   98
  48   83   65
  48   84   61
  48   85   48
  48   86   37
  48   87   60
  48   88   66
  48   89   66
  48   90   72
  48   91   79
  48   92   84
  48   93   51
  48   94   90
  48   95   52
  48   96   53
  48   97   52
  48   98   43
  48   99   47
  48  100   58
  48  101   41
  48  102   94
  48  103   53
  48  104   67
  48  105   40
  49   50   45
  49   51   47
  49   52   74
  49   53   88
  49   54   81
  49   55   59
  49   56   72
  49   57   70
  49   58   57
  49   59   32
  49   60   43
  49   61   57
  49   62   72
  49   63   92
  49   64   86
  49   65   55
  49   66   29
  49   67   58
  49   68   72
  49   69   62
  49   70   56
  49   71   57
  49   72   51
  49   73   36
  49   74   48
  49   75   33
  49   76   38
  49   77   28
  49   78   67
  49   79   81
  49   80  101
  49   81   80
  49   82   95
  49   83   63
  49   84   60
  49   85   45
  49   86   34
  49   87   58
  49   88   64
  49   89   63
  49   90   69
  49   91   77
  49   92   82
  49   93   49
  49   94   87
  49   95   49
  49   96   50
  49   97   49
  49   98   40
  49   99   44
  49  100   55
  49  101   38
  49  102   91
  49  103   51
  49  104   65
  49  105   38
  50   51   12
  50   52   51
  50   53   90
  50   54   83
  50   55   80
  50   56   81
  50   57   62
  50   58   42
  50   59   51
  50   60   34
  50   61   65
  50   62   67
  50   63   82
  50   64   72
  50   65   32
  50   66   40
  50   67   75
  50   68   86
  50   69   67
  50   70   54
  50   71   59
  50   72   69
  50   73   39
  50   74   41
  50   75   29
  50   76   62
  50   77   56
  50   78   38
  50   79   72
  50   80   88
  50   81   90
  50   82   89
  50   83   38
  50   84   29
  50   85   54
  50   86   47
  50   87   49
  50   88   63
  50   89   74
  50   90   83
  50   91   68
  50   92   68
  50   93   34
  50   94  100
  50   95   48
  50   96   59
  50   97   61
  50   98   60
  50   99   60
  50  100   67
  50  101   54
  50  102   75
  50  103   40
  50  104   57
  50  105   28
  51   52   48
  51   53   88
  51   54   82
  51   55   80
  51   56   80
  51   57   60
  51   58   40
  51   59   52
  51   60   33
  51   61   65
  51   62   66
  51   63   80
  51   64   70
  51   65   30
  51   66   40
  51   67   75
  51   68   86
  51   69   66
  51   70   53
  51   71   58
  51   72   69
  51   73   39
  51   74   40
  51   75   30
  51   76   63
  51   77   57
  51   78   35
  51   79   70
  51   80   86
  51   81   89
  51   82   87
  51   83   36
  51   84   26
  51   85   53
  51   86   48
  51   87   48
  51   88   62
  51   89   74
  51   90   82
  51   91   66
  51   92   66
  51   93   32
  51   94   99
  51   95   48
  51   96   59
  51   97   60
  51   98   61
  51   99   60
  51  100   67
  51  101   55
  51  102   73
  51  103   39
  51  104   55
  51  105   28
  52   53   66
  52   54   61
  52   55   80
  52   56   68
  52   57   37
  52   58   28
  52   59   65
  52   60   41
  52   61   59
  52   62   44
  52   63   47
  52   64   36
  52   65   29
  52   66   57
  52   67   73
  52   68   77
  52   69   55
  52   70   43
  52   71   49
  52   72   72
  52   73   50
  52   74   39
  52   75   50
  52   76   73
  52   77   74
  52   78   25
  52   79   40
  52   80   50
  52   81   76
  52   82   56
  52   83   22
  52   84   33
  52   85   55
  52   86   58
  52   87   35
  52   88   47
  52   89   67
  52   90   74
  52   91   38
  52   92   33
  52   93   35
  52   94   86
  52   95   45
  52   96   57
  52   97   61
  52   98   69
  52   99   65
  52  100   64
  52  101   63
  52  102   37
  52  103   35
  52  104   36
  52  105   46
  53   54   17
  53   55   52
  53   56   29
  53   57   40
  53   58   60
  53   59   66
  53   60   66
  53   61   41
  53   62   33
  53   63   37
  53   64   45
  53   65   71
  53   66   70
  53   67   47
  53   68   37
  53   69   35
  53   70   45
  53   71   42
  53   72   53
  53   73   65
  53   74   58
  53   75   74
  53   76   65
  53   77   73
  53   78   78
  53   79   36
  53   80   47
  53   81   29
  53   82   29
  53   83   71
  53   84   82
  53   85   52
  53   86   63
  53   87   50
  53   88   36
  53   89   38
  53   90   37
  53   91   38
  53   92   45
  53   93   65
  53   94   35
  53   95   52
  53   96   47
  53   97   49
  53   98   60
  53   99   55
  53  100   44
  53  101   60
  53  102   50
  53  103   59
  53  104   44
  53  105   72
  54   55   47
  54   56   25
  54   57   34
  54   58   53
  54   59   59
  54   60   59
  54   61   34
  54   62   27
  54   63   37
  54   64   42
  54   65   65
  54   66   63
  54   67   42
  54   68   34
  54   69   28
  54   70   38
  54   71   35
  54   72   47
  54   73   58
  54   74   51
  54   75   67
  54   76   58
  54   77   67
  54   78   72
  54   79   33
  54   80   47
  54   81   28
  54   82   31
  54   83   65
  54   84   76
  54   85   45
  54   86   56
  54   87   44
  54   88   29
  54   89   32
  54   90   33
  54   91   34
  54   92   42
  54   93   59
  54   94   35
  54   95   45
  54   96   40
  54   97   42
  54   98   54
  54   99   49
  54  100   38
  54  101   53
  54  102   48
  54  103   53
  54  104   38
  54  105   66
  55   56   32
  55   57   57
  55   58   64
  55   59   40
  55   60   58
  55   61   32
  55   62   53
  55   63   72
  55   64   73
  55   65   72
  55   66   50
  55   67   17
  55   68   26
  55   69   37
  55   70   47
  55   71   41
  55   72   20
  55   73   50
  55   74   54
  55   75   60
  55   76   31
  55   77   41
  55   78   84
  55   79   64
  55   80   83
  55   81   35
  55   82   68
  55   83   77
  55   84   83
  55   85   37
  55   86   42
  55   87   55
  55   88   45
  55   89   26
  55   90   25
  55   91   62
  55   92   71
  55   93   63
  55   94   40
  55   95   47
  55   96   34
  55   97   30
  55   98   30
  55   99   29
  55  100   26
  55  101   35
  55  102   80
  55  103   59
  55  104   56
  55  105   62
  56   57   41
  56   58   56
  56   59   50
  56   60   57
  56   61   25
  56   62   35
  56   63   51
  56   64   55
  56   65   66
  56   66   56
  56   67   28
  56   68   20
  56   69   24
  56   70   38
  56   71   32
  56   72   33
  56   73   52
  56   74   50
  56   75   62
  56   76   46
  56   77   55
  56   78   76
  56   79   45
  56   80   62
  56   81   19
  56   82   46
  56   83   69
  56   84   78
  56   85   38
  56   86   48
  56   87   46
  56   88   31
  56   89   19
  56   90   18
  56   91   44
  56   92   53
  56   93   59
  56   94   29
  56   95   42
  56   96   32
  56   97   33
  56   98   42
  56   99   38
  56  100   27
  56  101   44
  56  102   61
  56  103   53
  56  104   42
  56  105   62
  57   58   30
  57   59   52
  57   60   40
  57   61   35
  57   62   17
  57   63   32
  57   64   28
  57   65   41
  57   66   50
  57   67   50
  57   68   51
  57   69   30
  57   70   24
  57   71   27
  57   72   50
  57   73   43
  57   74   32
  57   75   50
  57   76   57
  57   77   61
  57   78   47
  57   79   21
  57   80   42
  57   81   49
  57   82   37
  57   83   41
  57   84   52
  57   85   37
  57   86   46
  57   87   23
  57   88   22
  57   89   42
  57   90   48
  57   91   17
  57   92   24
  57   93   38
  57   94   58
  57   95   30
  57   96   36
  57   97   40
  57   98   52
  57   99   46
  57  100   41
  57  101   48
  57  102   34
  57  103   32
  57  104   15
  57  105   47
  58   59   46
  58   60   24
  58   61   43
  58   62   36
  58   63   50
  58   64   41
  58   65   21
  58   66   39
  58   67   57
  58   68   64
  58   69   42
  58   70   28
  58   71   34
  58   72   54
  58   73   32
  58   74   21
  58   75   34
  58   76   55
  58   77   55
  58   78   30
  58   79   40
  58   80   57
  58   81   65
  58   82   57
  58   83   23
  58   84   32
  58   85   37
  58   86   40
  58   87   19
  58   88   35
  58   89   52
  58   90   60
  58   91   36
  58   92   37
  58   93   18
  58   94   75
  58   95   27
  58   96   40
  58   97   43
  58   98   51
  58   99   47
  58  100   48
  58  101   45
  58  102   45
  58  103   16
  58  104   26
  58  105   30
  59   60   35
  59   61   35
  59   62   53
  59   63   74
  59   64   70
  59   65   50
  59   66   21
  59   67   36
  59   68   51
  59   69   41
  59   70   38
  59   71   36
  59   72   30
  59   73   25
  59   74   35
  59   75   31
  59   76   21
  59   77   19
  59   78   63
  59   79   63
  59   80   84
  59   81   58
  59   82   75
  59   83   57
  59   84   59
  59   85   25
  59   86   16
  59   87   42
  59   88   44
  59   89   41
  59   90   47
  59   91   59
  59   92   66
  59   93   41
  59   94   66
  59   95   32
  59   96   28
  59   97   27
  59   98   20
  59   99   22
  59  100   33
  59  101   16
  59  102   76
  59  103   40
  59  104   48
  59  105   35
  60   61   42
  60   62   45
  60   63   62
  60   64   54
  60   65   25
  60   66   25
  60   67   53
  60   68   63
  60   69   43
  60   70   30
  60   71   35
  60   72   48
  60   73   20
  60   74   18
  60   75   20
  60   76   45
  60   77   43
  60   78   38
  60   79   51
  60   80   70
  60   81   66
  60   82   67
  60   83   32
  60   84   35
  60   85   31
  60   86   29
  60   87   27
  60   88   39
  60   89   51
  60   90   59
  60   91   47
  60   92   50
  60   93   16
  60   94   76
  60   95   24
  60   96   36
  60   97   38
  60   98   42
  60   99   39
  60  100   44
  60  101   35
  60  102   59
  60  103   18
  60  104   35
  60  105   17
  61   62   32
  61   63   53
  61   64   52
  61   65   53
  61   66   40
  61   67   25
  61   68   31
  61   69   17
  61   70   25
  61   71   19
  61   72   25
  61   73   36
  61   74   35
  61   75   47
  61   76   35
  61   77   42
  61   78   64
  61   79   43
  61   80   64
  61   81   35
  61   82   51
  61   83   56
  61   84   65
  61   85   22
  61   86   33
  61   87   34
  61   88   23
  61   89   19
  61   90   27
  61   91   41
  61   92   49
  61   93   44
  61   94   44
  61   95   27
  61   96   17
  61   97   18
  61   98   30
  61   99   24
  61  100   16
  61  101   29
  61  102   59
  61  103   39
  61  104   34
  61  105   47
  62   63   31
  62   64   30
  62   65   48
  62   66   52
  62   67   46
  62   68   45
  62   69   25
  62   70   25
  62   71   26
  62   72   48
  62   73   46
  62   74   37
  62   75   54
  62   76   56
  62   77   61
  62   78   54
  62   79   21
  62   80   42
  62   81   42
  62   82   33
  62   83   48
  62   84   59
  62   85   37
  62   86   48
  62   87   28
  62   88   19
  62   89   37
  62   90   43
  62   91   19
  62   92   28
  62   93   43
  62   94   52
  62   95   33
  62   96   35
  62   97   39
  62   98   51
  62   99   45
  62  100   38
  62  101   48
  62  102   36
  62  103   37
  62  104   20
  62  105   52
  63   64   21
  63   65   60
  63   66   72
  63   67   65
  63   68   60
  63   69   46
  63   70   46
  63   71   47
  63   72   68
  63   73   65
  63   74   54
  63   75   72
  63   76   77
  63   77   83
  63   78   61
  63   79   21
  63   80   21
  63   81   55
  63   82   20
  63   83   56
  63   84   68
  63   85   58
  63   86   68
  63   87   45
  63   88   40
  63   89   56
  63   90   59
  63   91   25
  63   92   24
  63   93   58
  63   94   62
  63   95   53
  63   96   56
  63   97   60
  63   98   72
  63   99   66
  63  100   59
  63  101   69
  63  102   23
  63  103   53
  63  104   37
  63  105   69
  64   65   50
  64   66   67
  64   67   67
  64   68   65
  64   69   46
  64   70   42
  64   71   45
  64   72   68
  64   73   60
  64   74   48
  64   75   65
  64   76   75
  64   77   79
  64   78   50
  64   79   20
  64   80   25
  64   81   60
  64   82   31
  64   83   46
  64   84   58
  64   85   55
  64   86   64
  64   87   38
  64   88   39
  64   89   57
  64   90   63
  64   91   21
  64   92   14
  64   93   50
  64   94   68
  64   95   48
  64   96   54
  64   97   58
  64   98   70
  64   99   64
  64  100   59
  64  101   66
  64  102   16
  64  103   45
  64  104   31
  64  105   61
  65   66   40
  65   67   65
  65   68   74
  65   69   52
  65   70   38
  65   71   44
  65   72   62
  65   73   35
  65   74   27
  65   75   31
  65   76   60
  65   77   58
  65   78   23
  65   79   50
  65   80   65
  65   81   75
  65   82   67
  65   83   18
  65   84   22
  65   85   44
  65   86   44
  65   87   30
  65   88   46
  65   89   62
  65   90   70
  65   91   46
  65   92   46
  65   93   19
  65   94   85
  65   95   35
  65   96   48
  65   97   51
  65   98   56
  65   99   53
  65  100   57
  65  101   50
  65  102   53
  65  103   23
  65  104   37
  65  105   27
  66   67   46
  66   68   59
  66   69   45
  66   70   36
  66   71   38
  66   72   39
  66   73   17
  66   74   29
  66   75   20
  66   76   32
  66   77   28
  66   78   53
  66   79   61
  66   80   82
  66   81   65
  66   82   75
  66   83   48
  66   84   49
  66   85   28
  66   86   18
  66   87   38
  66   88   44
  66   89   47
  66   90   55
  66   91   57
  66   92   62
  66   93   32
  66   94   73
  66   95   29
  66   96   33
  66   97   33
  66   98   30
  66   99   30
  66  100   40
  66  101   24
  66  102   72
  66  103   33
  66  104   45
  66  105   24
  67   68   25
  67   69   30
  67   70   40
  67   71   34
  67   72   17
  67   73   45
  67   74   48
  67   75   55
  67   76   30
  67   77   40
  67   78   77
  67   79   57
  67   80   77
  67   81   33
  67   82   62
  67   83   70
  67   84   77
  67   85   31
  67   86   38
  67   87   48
  67   88   38
  67   89   20
  67   90   22
  67   91   55
  67   92   64
  67   93   57
  67   94   40
  67   95   40
  67   96   27
  67   97   24
  67   98   27
  67   99   25
  67  100   19
  67  101   31
  67  102   73
  67  103   52
  67  104   49
  67  105   56
  68   69   32
  68   70   46
  68   71   39
  68   72   32
  68   73   57
  68   74   56
  68   75   67
  68   76   45
  68   77   55
  68   78   84
  68   79   55
  68   80   71
  68   81   19
  68   82   55
  68   83   77
  68   84   86
  68   85   42
  68   86   51
  68   87   54
  68   88   40
  68   89   22
  68   90   13
  68   91   54
  68   92   63
  68   93   65
  68   94   25
  68   95   48
  68   96   37
  68   97   35
  68   98   42
  68   99   39
  68  100   29
  68  101   45
  68  102   71
  68  103   60
  68  104   51
  68  105   68
  69   70   24
  69   71   18
  69   72   32
  69   73   40
  69   74   36
  69   75   50
  69   76   42
  69   77   49
  69   78   62
  69   79   36
  69   80   57
  69   81   33
  69   82   44
  69   83   55
  69   84   64
  69   85   27
  69   86   38
  69   87   32
  69   88   18
  69   89   22
  69   90   29
  69   91   34
  69   92   43
  69   93   45
  69   94   43
  69   95   28
  69   96   22
  69   97   25
  69   98   37
  69   99   31
  69  100   23
  69  101   36
  69  102   52
  69  103   39
  69  104   29
  69  105   49
  70   71   16
  70   72   39
  70   73   30
  70   74   22
  70   75   39
  70   76   43
  70   77   47
  70   78   48
  70   79   35
  70   80   56
  70   81   47
  70   82   48
  70   83   41
  70   84   50
  70   85   23
  70   86   32
  70   87   18
  70   88   19
  70   89   34
  70   90   42
  70   91   31
  70   92   38
  70   93   31
  70   94   57
  70   95   17
  70   96   24
  70   97   28
  70   98   38
  70   99   33
  70  100   31
  70  101   34
  70  102   48
  70  103   25
  70  104   20
  70  105   37
  71   72   33
  71   73   33
  71   74   28
  71   75   42
  71   76   40
  71   77   45
  71   78   55
  71   79   37
  71   80   58
  71   81   41
  71   82   48
  71   83   48
  71   84   56
  71   85   21
  71   86   32
  71   87   25
  71   88   17
  71   89   27
  71   90   36
  71   91   33
  71   92   41
  71   93   37
  71   94   51
  71   95   20
  71   96   19
  71   97   23
  71   98   35
  71   99   29
  71  100   25
  71  101   32
  71  102   51
  71  103   31
  71  104   25
  71  105   41
  72   73   40
  72   74   44
  72   75   49
  72   76   23
  72   77   33
  72   78   74
  72   79   59
  72   80   79
  72   81   40
  72   82   66
  72   83   67
  72   84   73
  72   85   27
  72   86   31
  72   87   47
  72   88   39
  72   89   24
  72   90   29
  72   91   56
  72   92   65
  72   93   53
  72   94   47
  72   95   37
  72   96   25
  72   97   21
  72   98   20
  72   99   19
  72  100   19
  72  101   25
  72  102   74
  72  103   49
  72  104   48
  72  105   51
  73   74   22
  73   75   20
  73   76   35
  73   77   33
  73   78   48
  73   79   54
  73   80   75
  73   81   62
  73   82   69
  73   83   42
  73   84   44
  73   85   24
  73   86   19
  73   87   31
  73   88   39
  73   89   45
  73   90   53
  73   91   50
  73   92   55
  73   93   26
  73   94   71
  73   95   23
  73   96   30
  73   97   31
  73   98   32
  73   99   30
  73  100   38
  73  101   26
  73  102   65
  73  103   26
  73  104   38
  73  105   21
  74   75   27
  74   76   44
  74   77   44
  74   78   40
  74   79   43
  74   80   63
  74   81   59
  74   82   59
  74   83   33
  74   84   39
  74   85   26
  74   86   28
  74   87   19
  74   88   31
  74   89   44
  74   90   53
  74   91   39
  74   92   43
  74   93   19
  74   94   69
  74   95   17
  74   96   30
  74   97   33
  74   98   40
  74   99   36
  74  100   39
  74  101   34
  74  102   53
  74  103   15
  74  104   27
  74  105   25
  75   76   43
  75   77   38
  75   78   44
  75   79   61
  75   80   80
  75   81   72
  75   82   77
  75   83   39
  75   84   39
  75   85   35
  75   86   27
  75   87   37
  75   88   48
  75   89   55
  75   90   63
  75   91   57
  75   92   60
  75   93   25
  75   94   81
  75   95   32
  75   96   40
  75   97   41
  75   98   41
  75   99   40
  75  100   48
  75  101   35
  75  102   69
  75  103   29
  75  104   45
  75  105   14
  76   77   20
  76   78   73
  76   79   67
  76   80   88
  76   81   53
  76   82   76
  76   83   67
  76   84   70
  76   85   29
  76   86   26
  76   87   49
  76   88   46
  76   89   37
  76   90   42
  76   91   63
  76   92   71
  76   93   51
  76   94   60
  76   95   39
  76   96   30
  76   97   26
  76   98   15
  76   99   20
  76  100   30
  76  101   20
  76  102   81
  76  103   49
  76  104   53
  76  105   46
  77   78   71
  77   79   72
  77   80   93
  77   81   63
  77   82   83
  77   83   65
  77   84   67
  77   85   34
  77   86   25
  77   87   52
  77   88   52
  77   89   46
  77   90   52
  77   91   68
  77   92   75
  77   93   49
  77   94   70
  77   95   41
  77   96   36
  77   97   34
  77   98   23
  77   99   28
  77  100   38
  77  101   23
  77  102   85
  77  103   49
  77  104   57
  77  105   42
  78   79   53
  78   80   65
  78   81   85
  78   82   70
  78   83   17
  78   84   18
  78   85   56
  78   86   57
  78   87   40
  78   88   55
  78   89   73
  78   90   81
  78   91   50
  78   92   47
  78   93   32
  78   94   95
  78   95   47
  78   96   60
  78   97   63
  78   98   69
  78   99   66
  78  100   68
  78  101   63
  78  102   52
  78  103   35
  78  104   44
  78  105   39
  79   80   31
  79   81   50
  79   82   27
  79   83   47
  79   84   60
  79   85   48
  79   86   57
  79   87   34
  79   88   30
  79   89   48
  79   90   53
  79   91   14
  79   92   18
  79   93   48
  79   94   59
  79   95   41
  79   96   46
  79   97   50
  79   98   62
  79   99   56
  79  100   49
  79  101   58
  79  102   26
  79  103   42
  79  104   26
  79  105   58
  80   81   65
  80   82   28
  80   83   61
  80   84   73
  80   85   69
  80   86   78
  80   87   53
  80   88   51
  80   89   67
  80   90   70
  80   91   34
  80   92   30
  80   93   66
  80   94   72
  80   95   62
  80   96   67
  80   97   71
  80   98   83
  80   99   77
  80  100   70
  80  101   80
  80  102   23
  80  103   61
  80  104   46
  80  105   77
  81   82   48
  81   83   78
  81   84   87
  81   85   47
  81   86   57
  81   87   55
  81   88   39
  81   89   27
  81   90   21
  81   91   50
  81   92   59
  81   93   68
  81   94   19
  81   95   51
  81   96   41
  81   97   41
  81   98   50
  81   99   46
  81  100   35
  81  101   52
  81  102   66
  81  103   62
  81  104   51
  81  105   72
  82   83   65
  82   84   77
  82   85   60
  82   86   70
  82   87   50
  82   88   41
  82   89   52
  82   90   54
  82   91   31
  82   92   33
  82   93   65
  82   94   54
  82   95   56
  82   96   56
  82   97   60
  82   98   72
  82   99   66
  82  100   57
  82  101   70
  82  102   34
  82  103   59
  82  104   42
  82  105   74
  83   84   22
  83   85   50
  83   86   51
  83   87   33
  83   88   48
  83   89   65
  83   90   74
  83   91   44
  83   92   42
  83   93   26
  83   94   87
  83   95   40
  83   96   53
  83   97   56
  83   98   63
  83   99   59
  83  100   61
  83  101   57
  83  102   48
  83  103   28
  83  104   37
  83  105   35
  84   85   56
  84   86   54
  84   87   42
  84   88   58
  84   89   74
  84   90   82
  84   91   56
  84   92   54
  84   93   30
  84   94   97
  84   95   47
  84   96   60
  84   97   63
  84   98   67
  84   99   64
  84  100   68
  84  101   60
  84  102   60
  84  103   35
  84  104   48
  84  105   35
  85   86   21
  85   87   30
  85   88   28
  85   89   30
  85   90   38
  85   91   44
  85   92   51
  85   93   35
  85   94   56
  85   95   20
  85   96   15
  85   97   17
  85   98   24
  85   99   20
  85  100   23
  85  101   20
  85  102   61
  85  103   31
  85  104   34
  85  105   35
  86   87   36
  86   88   39
  86   89   40
  86   90   47
  86   91   54
  86   92   60
  86   93   35
  86   94   65
  86   95   26
  86   96   26
  86   97   25
  86   98   23
  86   99   22
  86  100   32
  86  101   17
  86  102   70
  86  103   33
  86  104   42
  86  105   30
  87   88   25
  87   89   43
  87   90   51
  87   91   29
  87   92   34
  87   93   25
  87   94   65
  87   95   20
  87   96   32
  87   97   36
  87   98   45
  87   99   40
  87  100   39
  87  101   40
  87  102   43
  87  103   19
  87  104   18
  87  105   34
  88   89   30
  88   90   37
  88   91   27
  88   92   35
  88   93   39
  88   94   49
  88   95   26
  88   96   26
  88   97   30
  88   98   41
  88   99   36
  88  100   29
  88  101   39
  88  102   45
  88  103   33
  88  104   21
  88  105   46
  89   90   18
  89   91   46
  89   92   55
  89   93   53
  89   94   36
  89   95   36
  89   96   25
  89   97   24
  89   98   33
  89   99   29
  89  100   18
  89  101   35
  89  102   64
  89  103   48
  89  104   41
  89  105   56
  90   91   52
  90   92   61
  90   93   62
  90   94   28
  90   95   45
  90   96   33
  90   97   32
  90   98   39
  90   99   35
  90  100   25
  90  101   42
  90  102   69
  90  103   57
  90  104   48
  90  105   64
  91   92   19
  91   93   44
  91   94   59
  91   95   38
  91   96   43
  91   97   47
  91   98   58
  91   99   53
  91  100   47
  91  101   55
  91  102   28
  91  103   38
  91  104   22
  91  105   54
  92   93   46
  92   94   68
  92   95   43
  92   96   51
  92   97   55
  92   98   66
  92   99   61
  92  100   55
  92  101   62
  92  102   20
  92  103   41
  92  104   27
  92  105   57
  93   94   78
  93   95   27
  93   96   39
  93   97   42
  93   98   47
  93   99   44
  93  100   48
  93  101   41
  93  102   54
  93  103   16
  93  104   33
  93  105   21
  94   95   61
  94   96   51
  94   97   50
  94   98   57
  94   99   54
  94  100   43
  94  101   60
  94  102   74
  94  103   72
  94  104   60
  94  105   81
  95   96   23
  95   97   26
  95   98   34
  95   99   30
  95  100   31
  95  101   29
  95  102   53
  95  103   22
  95  104   26
  95  105   30
  96   97   14
  96   98   25
  96   99   20
  96  100   18
  96  101   23
  96  102   61
  96  103   35
  96  104   34
  96  105   40
  97   98   22
  97   99   16
  97  100   16
  97  101   21
  97  102   65
  97  103   38
  97  104   38
  97  105   42
  98   99   15
  98  100   25
  98  101   16
  98  102   76
  98  103   45
  98  104   48
  98  105   43
  99  100   21
  99  101   16
  99  102   70
  99  103   41
  99  104   43
  99  105   42
 100  101   27
 100  102   65
 100  103   43
 100  104   40
 100  105   49
 101  102   72
 101  103   39
 101  104   44
 101  105   37
 102  103   50
 102  104   37
 102  105   65
 103  104   27
 103  105   25
 104  105   42
