Namespace(instance='/home1/hot11904657/HOTWS22/Assignment1/tsp_instances/00_batch_1_2/00_test.txt', instance_check_necessary_constraints=False, path_to_repository='/home1/hot11904657/HOTWS22/Assignment1/', perform_hyper_parameter_tuning=True, preload_starting_solutions_from_path=None, subparser_name='7')
[INFO][2022-12-31 12:17:14,736] /home1/hot11904657/HOTWS22/Assignment1/tsp_instances/00_batch_1_2/00_test.txt
---Starting HPT
>>>RACE-ITERATION-0
>>>CURRENT-CONFIGURATIONS:192
>>>CURRENT-INSTANCE:rand_test_13
>>>CURRENT-TIME:20221231:12:17:31
FriedmanchisquareResult(statistic=1909.9999999999998, pvalue=7.579131404189791e-281)
     0    1    2    3    4    ...       187       188       189       190       191
0    1.0  0.9  0.9  0.9  0.9  ...  0.900000  0.900000  0.900000  0.900000  0.900000
1    0.9  1.0  0.9  0.9  0.9  ...  0.900000  0.900000  0.900000  0.900000  0.900000
2    0.9  0.9  1.0  0.9  0.9  ...  0.900000  0.900000  0.900000  0.900000  0.900000
3    0.9  0.9  0.9  1.0  0.9  ...  0.900000  0.900000  0.900000  0.900000  0.900000
4    0.9  0.9  0.9  0.9  1.0  ...  0.900000  0.900000  0.900000  0.900000  0.900000
..   ...  ...  ...  ...  ...  ...       ...       ...       ...       ...       ...
187  0.9  0.9  0.9  0.9  0.9  ...  1.000000  0.160146  0.900000  0.234163  0.900000
188  0.9  0.9  0.9  0.9  0.9  ...  0.160146  1.000000  0.160146  0.900000  0.160146
189  0.9  0.9  0.9  0.9  0.9  ...  0.900000  0.160146  1.000000  0.234163  0.900000
190  0.9  0.9  0.9  0.9  0.9  ...  0.234163  0.900000  0.234163  1.000000  0.234163
191  0.9  0.9  0.9  0.9  0.9  ...  0.900000  0.160146  0.900000  0.234163  1.000000

[192 rows x 192 columns]
[191, 189, 187, 185, 183, 181, 179, 178, 177, 176, 175, 174, 173, 172, 171, 170, 169, 168, 148, 146, 144, 143, 141, 139, 137, 135, 133, 131, 129, 127, 125, 124, 123, 122, 121, 120, 117, 95, 93, 91, 89, 87, 85, 83, 82, 81, 80, 79, 78, 77, 76, 75, 74, 73, 72, 71, 52, 50, 48, 47, 45, 43, 41, 39, 37, 35, 33, 31, 29, 28, 27, 26, 25, 24, 23, 21, 19]
>>>RACE-ITERATION-1
>>>CURRENT-CONFIGURATIONS:115
>>>CURRENT-INSTANCE:rand_test_13
>>>CURRENT-TIME:20230101:15:58:58
FriedmanchisquareResult(statistic=1140.0000000000002, pvalue=9.420817284625818e-169)
     0    1    2    3         4         5    ...  109  110  111  112       113  114
0    1.0  0.9  0.9  0.9  0.900000  0.716328  ...  0.9  0.9  0.9  0.9  0.900000  0.9
1    0.9  1.0  0.9  0.9  0.900000  0.900000  ...  0.9  0.9  0.9  0.9  0.900000  0.9
2    0.9  0.9  1.0  0.9  0.900000  0.716328  ...  0.9  0.9  0.9  0.9  0.900000  0.9
3    0.9  0.9  0.9  1.0  0.900000  0.900000  ...  0.9  0.9  0.9  0.9  0.900000  0.9
4    0.9  0.9  0.9  0.9  1.000000  0.634602  ...  0.9  0.9  0.9  0.9  0.852541  0.9
..   ...  ...  ...  ...       ...       ...  ...  ...  ...  ...  ...       ...  ...
110  0.9  0.9  0.9  0.9  0.900000  0.900000  ...  0.9  1.0  0.9  0.9  0.900000  0.9
111  0.9  0.9  0.9  0.9  0.900000  0.900000  ...  0.9  0.9  1.0  0.9  0.900000  0.9
112  0.9  0.9  0.9  0.9  0.900000  0.900000  ...  0.9  0.9  0.9  1.0  0.900000  0.9
113  0.9  0.9  0.9  0.9  0.852541  0.900000  ...  0.9  0.9  0.9  0.9  1.000000  0.9
114  0.9  0.9  0.9  0.9  0.900000  0.900000  ...  0.9  0.9  0.9  0.9  0.900000  1.0

[115 rows x 115 columns]
[114, 112, 111, 110, 109, 99, 95, 93, 91, 90, 89, 88, 78, 75, 73, 71, 69, 67, 65, 63, 61, 60, 58, 56, 55, 52, 51, 50, 44, 42, 40, 37, 35, 34, 33, 32, 31, 30, 17, 15, 13, 11, 9, 7, 4, 3, 2, 1, 0]
>>>RACE-ITERATION-2
>>>CURRENT-CONFIGURATIONS:66
>>>CURRENT-INSTANCE:rand_test_16
>>>CURRENT-TIME:20230102:09:38:34
FriedmanchisquareResult(statistic=650.0000000000003, pvalue=2.2742413208241082e-97)
          0         1         2   ...        63        64        65
0   1.000000  0.248669  0.692336  ...  0.900000  0.900000  0.900000
1   0.248669  1.000000  0.900000  ...  0.900000  0.005441  0.608607
2   0.692336  0.900000  1.000000  ...  0.900000  0.058568  0.900000
3   0.608607  0.900000  0.900000  ...  0.900000  0.038079  0.900000
4   0.001000  0.900000  0.900000  ...  0.332129  0.001000  0.003179
..       ...       ...       ...  ...       ...       ...       ...
61  0.900000  0.900000  0.900000  ...  0.900000  0.435583  0.900000
62  0.900000  0.005441  0.058568  ...  0.859786  0.900000  0.900000
63  0.900000  0.900000  0.900000  ...  1.000000  0.859786  0.900000
64  0.900000  0.005441  0.058568  ...  0.859786  1.000000  0.900000
65  0.900000  0.608607  0.900000  ...  0.900000  0.900000  1.000000

[66 rows x 66 columns]
[65, 64, 63, 62, 60, 59, 58, 57, 56, 55, 54, 53, 52, 51, 32, 31, 30, 29, 28, 27, 25, 23, 22, 21, 20, 19, 12, 11, 10, 0]
>>>RACE-ITERATION-3
>>>CURRENT-CONFIGURATIONS:36
>>>CURRENT-INSTANCE:rand_test_11
>>>CURRENT-TIME:20230102:19:51:25
FriedmanchisquareResult(statistic=350.0, pvalue=1.3142252881994743e-53)
          0         1         2   ...        33        34        35
0   1.000000  0.900000  0.900000  ...  0.900000  0.053093  0.900000
1   0.900000  1.000000  0.900000  ...  0.638514  0.004348  0.900000
2   0.900000  0.900000  1.000000  ...  0.783877  0.010694  0.900000
3   0.004348  0.001000  0.001000  ...  0.900000  0.900000  0.001000
4   0.106016  0.010694  0.024649  ...  0.900000  0.900000  0.001000
5   0.024649  0.001663  0.004348  ...  0.900000  0.900000  0.001000
6   0.010694  0.001000  0.001663  ...  0.900000  0.900000  0.001000
7   0.001000  0.001000  0.001000  ...  0.106016  0.900000  0.001000
8   0.001000  0.001000  0.001000  ...  0.638514  0.900000  0.001000
9   0.900000  0.900000  0.900000  ...  0.900000  0.900000  0.324524
10  0.900000  0.900000  0.900000  ...  0.900000  0.493063  0.783877
11  0.900000  0.900000  0.900000  ...  0.900000  0.783877  0.493063
12  0.900000  0.900000  0.900000  ...  0.900000  0.638514  0.638514
13  0.783877  0.324524  0.493063  ...  0.900000  0.900000  0.010694
14  0.900000  0.783877  0.900000  ...  0.900000  0.900000  0.106016
15  0.900000  0.900000  0.900000  ...  0.106016  0.001000  0.900000
16  0.900000  0.900000  0.900000  ...  0.493063  0.001663  0.900000
17  0.900000  0.900000  0.900000  ...  0.900000  0.024649  0.900000
18  0.900000  0.900000  0.900000  ...  0.900000  0.193770  0.900000
19  0.900000  0.900000  0.900000  ...  0.900000  0.324524  0.900000
20  0.493063  0.106016  0.193770  ...  0.900000  0.900000  0.001663
21  0.193770  0.024649  0.053093  ...  0.900000  0.900000  0.001000
22  0.900000  0.493063  0.638514  ...  0.900000  0.900000  0.024649
23  0.001000  0.001000  0.001000  ...  0.193770  0.900000  0.001000
24  0.001000  0.001000  0.001000  ...  0.493063  0.900000  0.001000
25  0.001000  0.001000  0.001000  ...  0.324524  0.900000  0.001000
26  0.900000  0.900000  0.900000  ...  0.253954  0.001000  0.900000
27  0.900000  0.900000  0.900000  ...  0.253954  0.001000  0.900000
28  0.900000  0.900000  0.900000  ...  0.900000  0.106016  0.900000
29  0.324524  0.053093  0.106016  ...  0.900000  0.900000  0.001000
30  0.900000  0.900000  0.900000  ...  0.900000  0.900000  0.193770
31  0.001663  0.001000  0.001000  ...  0.783877  0.900000  0.001000
32  0.638514  0.193770  0.324524  ...  0.900000  0.900000  0.004348
33  0.900000  0.638514  0.783877  ...  1.000000  0.900000  0.053093
34  0.053093  0.004348  0.010694  ...  0.900000  1.000000  0.001000
35  0.900000  0.900000  0.900000  ...  0.053093  0.001000  1.000000

[36 rows x 36 columns]
[35, 30, 28, 27, 26, 19, 18, 17, 16, 15, 12, 11, 10, 9, 2, 1, 0]
>>>RACE-ITERATION-4
>>>CURRENT-CONFIGURATIONS:19
>>>CURRENT-INSTANCE:rand_test_20
>>>CURRENT-TIME:20230103:02:42:46
FriedmanchisquareResult(statistic=180.0, pvalue=9.590509849157907e-29)
          0         1         2   ...        16        17        18
0   1.000000  0.886217  0.900000  ...  0.886217  0.900000  0.900000
1   0.886217  1.000000  0.900000  ...  0.009766  0.348222  0.136384
2   0.900000  0.900000  1.000000  ...  0.041292  0.624988  0.348222
3   0.348222  0.900000  0.900000  ...  0.001000  0.041292  0.009766
4   0.136384  0.900000  0.900000  ...  0.001000  0.009766  0.001874
5   0.041292  0.900000  0.886217  ...  0.001000  0.001874  0.001000
6   0.348222  0.001000  0.001874  ...  0.900000  0.886217  0.900000
7   0.624988  0.001874  0.009766  ...  0.900000  0.900000  0.900000
8   0.900000  0.900000  0.900000  ...  0.348222  0.900000  0.886217
9   0.900000  0.900000  0.900000  ...  0.624988  0.900000  0.900000
10  0.624988  0.900000  0.900000  ...  0.001874  0.136384  0.041292
11  0.001874  0.624988  0.348222  ...  0.001000  0.001000  0.001000
12  0.009766  0.886217  0.624988  ...  0.001000  0.001000  0.001000
13  0.900000  0.900000  0.900000  ...  0.136384  0.886217  0.624988
14  0.900000  0.041292  0.136384  ...  0.900000  0.900000  0.900000
15  0.900000  0.624988  0.886217  ...  0.900000  0.900000  0.900000
16  0.886217  0.009766  0.041292  ...  1.000000  0.900000  0.900000
17  0.900000  0.348222  0.624988  ...  0.900000  1.000000  0.900000
18  0.900000  0.136384  0.348222  ...  0.900000  0.900000  1.000000

[19 rows x 19 columns]
[18, 17, 16, 15, 14, 9, 8, 7, 6, 0]
>>>RACE-ITERATION-5
>>>CURRENT-CONFIGURATIONS:9
>>>CURRENT-INSTANCE:rand_test_13
>>>CURRENT-TIME:20230103:06:21:07
FriedmanchisquareResult(statistic=80.0, pvalue=4.888864465181043e-14)
          0         1         2  ...         6         7         8
0  1.000000  0.759750  0.900000  ...  0.759750  0.900000  0.030146
1  0.759750  1.000000  0.257126  ...  0.030146  0.900000  0.001000
2  0.900000  0.257126  1.000000  ...  0.900000  0.759750  0.257126
3  0.257126  0.001473  0.759750  ...  0.900000  0.030146  0.900000
4  0.001473  0.001000  0.030146  ...  0.257126  0.001000  0.900000
5  0.257126  0.900000  0.030146  ...  0.001473  0.759750  0.001000
6  0.759750  0.030146  0.900000  ...  1.000000  0.257126  0.759750
7  0.900000  0.900000  0.759750  ...  0.257126  1.000000  0.001473
8  0.030146  0.001000  0.257126  ...  0.759750  0.001473  1.000000

[9 rows x 9 columns]
[7, 5, 2, 1, 0]
>>>RACE-ITERATION-6
>>>CURRENT-CONFIGURATIONS:4
>>>CURRENT-INSTANCE:rand_test_15
>>>CURRENT-TIME:20230103:07:48:18
FriedmanchisquareResult(statistic=30.0, pvalue=1.3800570312932553e-06)
         0        1        2        3
0  1.00000  0.00100  0.00299  0.30713
1  0.00100  1.00000  0.30713  0.00299
2  0.00299  0.30713  1.00000  0.30713
3  0.30713  0.00299  0.30713  1.00000
[3, 0]
[{'type': 'algorithm', 'saw_policy': <search_algorithms.ga.constant_weights.Constant_Weights object at 0x14d75484bf90>, 'population_size': 50, 'random_k': 5, 'alpha': 1, 'beta': 1, 'rho': 0.24, 'p': 0.25, 'local_information': 'objective_value', 'min_max_ant_system': True, 'termination_criterion': 200}, {'type': 'algorithm', 'saw_policy': <search_algorithms.ga.constant_weights.Constant_Weights object at 0x14d75484bf90>, 'population_size': 100, 'random_k': 5, 'alpha': 1, 'beta': 1, 'rho': 0.24, 'p': 0.5, 'local_information': 'objective_value', 'min_max_ant_system': True, 'termination_criterion': 200}]
