Namespace(instance='/home1/hot11904657/HOTWS22/Assignment1/tsp_instances/00_batch_1_2/00_test.txt', instance_check_necessary_constraints=False, path_to_repository='/home1/hot11904657/HOTWS22/Assignment1/', perform_hyper_parameter_tuning=True, perform_hyper_parameter_tuning_for_initialization_procedure=False, perform_statistical_test=False, preload_starting_solutions_from_path=None, subparser_name='6')
[INFO][2023-01-03 13:00:23,038] /home1/hot11904657/HOTWS22/Assignment1/tsp_instances/00_batch_1_2/00_test.txt
---Starting HPT
>>>RACE-ITERATION-0
>>>CURRENT-CONFIGURATIONS:20
>>>CURRENT-INSTANCE:rand_test_13
>>>CURRENT-TIME:20230103:13:00:33
FriedmanchisquareResult(statistic=43.14857142857147, pvalue=0.0012370106245195682)
          0         1         2   ...        17        18        19
0   1.000000  0.900000  0.900000  ...  0.900000  0.549216  0.773758
1   0.900000  1.000000  0.900000  ...  0.798708  0.307621  0.549216
2   0.900000  0.900000  1.000000  ...  0.900000  0.900000  0.900000
3   0.900000  0.900000  0.900000  ...  0.900000  0.900000  0.900000
4   0.900000  0.900000  0.900000  ...  0.900000  0.900000  0.900000
5   0.900000  0.900000  0.900000  ...  0.900000  0.900000  0.900000
6   0.873554  0.649011  0.900000  ...  0.900000  0.900000  0.900000
7   0.900000  0.900000  0.900000  ...  0.900000  0.900000  0.900000
8   0.900000  0.900000  0.900000  ...  0.900000  0.748809  0.900000
9   0.900000  0.900000  0.823656  ...  0.599113  0.149448  0.332385
10  0.900000  0.900000  0.900000  ...  0.900000  0.900000  0.900000
11  0.898504  0.673961  0.900000  ...  0.900000  0.900000  0.900000
12  0.900000  0.900000  0.181535  ...  0.070265  0.005140  0.019393
13  0.900000  0.900000  0.900000  ...  0.900000  0.900000  0.900000
14  0.900000  0.898504  0.900000  ...  0.900000  0.900000  0.900000
15  0.900000  0.900000  0.900000  ...  0.900000  0.748809  0.900000
16  0.900000  0.900000  0.900000  ...  0.900000  0.723860  0.900000
17  0.900000  0.798708  0.900000  ...  1.000000  0.900000  0.900000
18  0.549216  0.307621  0.900000  ...  0.900000  1.000000  0.900000
19  0.773758  0.549216  0.900000  ...  0.900000  0.900000  1.000000

[20 rows x 20 columns]
[12]
>>>RACE-ITERATION-1
>>>CURRENT-CONFIGURATIONS:19
>>>CURRENT-INSTANCE:rand_test_3
>>>CURRENT-TIME:20230103:16:18:31
FriedmanchisquareResult(statistic=31.33263157894737, pvalue=0.02633767203830831)
          0    1         2         3   ...   15        16        17        18
0   1.000000  0.9  0.900000  0.729480  ...  0.9  0.703356  0.703356  0.900000
1   0.900000  1.0  0.900000  0.900000  ...  0.9  0.900000  0.900000  0.900000
2   0.900000  0.9  1.000000  0.900000  ...  0.9  0.900000  0.900000  0.900000
3   0.729480  0.9  0.900000  1.000000  ...  0.9  0.900000  0.900000  0.900000
4   0.900000  0.9  0.729480  0.520498  ...  0.9  0.494287  0.494287  0.900000
5   0.900000  0.9  0.900000  0.900000  ...  0.9  0.900000  0.900000  0.900000
6   0.572742  0.9  0.900000  0.900000  ...  0.9  0.900000  0.900000  0.900000
7   0.900000  0.9  0.900000  0.900000  ...  0.9  0.900000  0.900000  0.900000
8   0.900000  0.9  0.520498  0.295497  ...  0.9  0.271048  0.271048  0.886217
9   0.900000  0.9  0.900000  0.900000  ...  0.9  0.900000  0.900000  0.900000
10  0.900000  0.9  0.886217  0.677234  ...  0.9  0.651113  0.651113  0.900000
11  0.900000  0.9  0.900000  0.900000  ...  0.9  0.900000  0.900000  0.900000
12  0.900000  0.9  0.900000  0.900000  ...  0.9  0.900000  0.900000  0.900000
13  0.900000  0.9  0.900000  0.900000  ...  0.9  0.900000  0.900000  0.900000
14  0.900000  0.9  0.900000  0.900000  ...  0.9  0.900000  0.900000  0.900000
15  0.900000  0.9  0.900000  0.900000  ...  1.0  0.900000  0.900000  0.900000
16  0.703356  0.9  0.900000  0.900000  ...  0.9  1.000000  0.900000  0.900000
17  0.703356  0.9  0.900000  0.900000  ...  0.9  0.900000  1.000000  0.900000
18  0.900000  0.9  0.900000  0.900000  ...  0.9  0.900000  0.900000  1.000000

[19 rows x 19 columns]
[]
>>>RACE-ITERATION-2
>>>CURRENT-CONFIGURATIONS:19
>>>CURRENT-INSTANCE:rand_test_13
>>>CURRENT-TIME:20230103:19:22:07
FriedmanchisquareResult(statistic=20.835789473684144, pvalue=0.2877784916812057)
>>>RACE-ITERATION-3
>>>CURRENT-CONFIGURATIONS:19
>>>CURRENT-INSTANCE:rand_test_3
>>>CURRENT-TIME:20230103:22:54:49
FriedmanchisquareResult(statistic=27.15157894736842, pvalue=0.07619601017854635)
>>>RACE-ITERATION-4
>>>CURRENT-CONFIGURATIONS:19
>>>CURRENT-INSTANCE:rand_test_7
>>>CURRENT-TIME:20230104:02:29:23
FriedmanchisquareResult(statistic=38.35578947368424, pvalue=0.0034744574259667556)
          0         1         2   ...        16        17        18
0   1.000000  0.900000  0.320538  ...  0.900000  0.900000  0.900000
1   0.900000  1.000000  0.900000  ...  0.900000  0.900000  0.900000
2   0.320538  0.900000  1.000000  ...  0.900000  0.729480  0.598866
3   0.900000  0.900000  0.900000  ...  0.900000  0.900000  0.900000
4   0.900000  0.900000  0.677234  ...  0.900000  0.900000  0.900000
5   0.900000  0.900000  0.900000  ...  0.900000  0.900000  0.900000
6   0.041292  0.900000  0.900000  ...  0.677234  0.226321  0.136384
7   0.900000  0.900000  0.900000  ...  0.900000  0.900000  0.900000
8   0.900000  0.900000  0.598866  ...  0.900000  0.900000  0.900000
9   0.900000  0.900000  0.900000  ...  0.900000  0.900000  0.900000
10  0.348222  0.900000  0.900000  ...  0.900000  0.755604  0.624988
11  0.900000  0.900000  0.900000  ...  0.900000  0.900000  0.900000
12  0.900000  0.900000  0.807848  ...  0.900000  0.900000  0.900000
13  0.900000  0.900000  0.900000  ...  0.900000  0.900000  0.900000
14  0.900000  0.900000  0.598866  ...  0.900000  0.900000  0.900000
15  0.900000  0.781724  0.097983  ...  0.900000  0.900000  0.900000
16  0.900000  0.900000  0.900000  ...  1.000000  0.900000  0.900000
17  0.900000  0.900000  0.729480  ...  0.900000  1.000000  0.900000
18  0.900000  0.900000  0.598866  ...  0.900000  0.900000  1.000000

[19 rows x 19 columns]
[15, 0]
>>>RACE-ITERATION-5
>>>CURRENT-CONFIGURATIONS:17
>>>CURRENT-INSTANCE:rand_test_1
>>>CURRENT-TIME:20230104:05:59:10
FriedmanchisquareResult(statistic=39.75686274509803, pvalue=0.0008448062489681511)
          0         1         2   ...        14        15        16
0   1.000000  0.889666  0.572477  ...  0.630147  0.630147  0.356565
1   0.889666  1.000000  0.900000  ...  0.900000  0.900000  0.900000
2   0.572477  0.900000  1.000000  ...  0.900000  0.900000  0.900000
3   0.900000  0.900000  0.630147  ...  0.687820  0.687820  0.422125
4   0.900000  0.900000  0.900000  ...  0.900000  0.900000  0.900000
5   0.160607  0.900000  0.900000  ...  0.900000  0.900000  0.900000
6   0.270932  0.900000  0.900000  ...  0.900000  0.900000  0.900000
7   0.900000  0.900000  0.900000  ...  0.900000  0.900000  0.900000
8   0.900000  0.900000  0.900000  ...  0.900000  0.900000  0.900000
9   0.003695  0.658983  0.900000  ...  0.900000  0.900000  0.900000
10  0.077207  0.900000  0.900000  ...  0.900000  0.900000  0.900000
11  0.454561  0.900000  0.900000  ...  0.900000  0.900000  0.900000
12  0.803159  0.900000  0.900000  ...  0.900000  0.900000  0.900000
13  0.199747  0.900000  0.900000  ...  0.900000  0.900000  0.900000
14  0.630147  0.900000  0.900000  ...  1.000000  0.900000  0.900000
15  0.630147  0.900000  0.900000  ...  0.900000  1.000000  0.900000
16  0.356565  0.900000  0.900000  ...  0.900000  0.900000  1.000000

[17 rows x 17 columns]
[3, 0]
>>>RACE-ITERATION-6
>>>CURRENT-CONFIGURATIONS:15
>>>CURRENT-INSTANCE:rand_test_9
>>>CURRENT-TIME:20230104:09:29:31
FriedmanchisquareResult(statistic=15.470000000000027, pvalue=0.3467992015544293)
>>>RACE-ITERATION-7
>>>CURRENT-CONFIGURATIONS:15
>>>CURRENT-INSTANCE:rand_test_12
>>>CURRENT-TIME:20230104:12:13:54
